        0.00000        0.30000
        0.01000        0.30000
        0.00000        0.28985
        0.01417        0.29109
        0.01000        0.28268
        0.02000        0.30000
        0.00000        0.27970
        0.02500        0.29134
        0.02000        0.28268
        0.01214        0.27419
        0.03000        0.30000
        0.00000        0.26955
        0.03000        0.28268
        0.02500        0.27402
        0.03500        0.29134
        0.00926        0.26513
        0.02000        0.26536
        0.04000        0.30000
        0.00000        0.25941
        0.03500        0.27402
        0.04000        0.28268
        0.01417        0.25715
        0.03000        0.26536
        0.04500        0.29134
        0.02500        0.25670
        0.05000        0.30000
        0.00000        0.24926
        0.04500        0.27402
        0.04000        0.26536
        0.01000        0.24804
        0.05000        0.28268
        0.03500        0.25670
        0.02000        0.24804
        0.05500        0.29134
        0.03000        0.24804
        0.06000        0.30000
        0.05000        0.26536
        0.05500        0.27402
        0.00000        0.23911
        0.04500        0.25670
        0.01500        0.23938
        0.06000        0.28268
        0.04000        0.24804
        0.02500        0.23938
        0.06500        0.29134
        0.06000        0.26536
        0.05500        0.25670
        0.01000        0.23072
        0.06500        0.27402
        0.03500        0.23938
        0.07000        0.30000
        0.00000        0.22896
        0.02000        0.23072
        0.05000        0.24804
        0.07000        0.28268
        0.03000        0.23072
        0.07500        0.29134
        0.04500        0.23938
        0.07000        0.26536
        0.06500        0.25670
        0.07500        0.27402
        0.06000        0.24804
        0.08000        0.30000
        0.01501        0.22135
        0.00000        0.21881
        0.08000        0.28268
        0.05500        0.23938
        0.03955        0.22828
        0.02844        0.22105
        0.08500        0.29134
        0.05000        0.23072
        0.07500        0.25670
        0.00880        0.21335
        0.08000        0.26536
        0.07000        0.24804
        0.08500        0.27402
        0.06500        0.23938
        0.02281        0.21346
        0.09000        0.30000
        0.00000        0.20866
        0.09000        0.28268
        0.04824        0.22126
        0.05892        0.22881
        0.04014        0.21543
        0.01611        0.20627
        0.08500        0.25670
        0.08000        0.24804
        0.09500        0.29134
        0.03201        0.20962
        0.09000        0.26536
        0.07500        0.23938
        0.00835        0.20339
        0.09500        0.27402
        0.07000        0.23072
        0.02419        0.20359
        0.10000        0.30000
        0.04918        0.21132
        0.00000        0.19851
        0.10000        0.28268
        0.05902        0.21732
        0.06687        0.22309
        0.04107        0.20548
        0.01638        0.19756
        0.09000        0.24804
        0.09500        0.25670
        0.07969        0.23176
        0.10500        0.29134
        0.03289        0.19979
        0.10000        0.26536
        0.08551        0.23715
        0.00721        0.19378
        0.07494        0.22325
        0.10500        0.27402
        0.02504        0.19376
        0.11000        0.30000
        0.05015        0.20138
        0.05880        0.20579
        0.01638        0.18995
        0.00000        0.18867
        0.11000        0.28268
        0.04198        0.19568
        0.07210        0.21367
        0.08457        0.22560
        0.09500        0.23938
        0.10000        0.24804
        0.10500        0.25670
        0.03383        0.18994
        0.11000        0.26536
        0.11500        0.29134
        0.00866        0.18395
        0.02531        0.18556
        0.08180        0.21599
        0.11500        0.27402
        0.05725        0.19620
        0.06924        0.20374
        0.09430        0.22789
        0.05102        0.19143
        0.12000        0.30000
        0.10458        0.24035
        0.00000        0.17922
        0.01694        0.18018
        0.12000        0.28268
        0.11000        0.24804
        0.07904        0.20651
        0.09150        0.21839
        0.04233        0.18472
        0.11500        0.25670
        0.03353        0.18004
        0.12000        0.26536
        0.06664        0.19409
        0.10402        0.23026
        0.12500        0.29134
        0.00866        0.17469
        0.02459        0.17561
        0.08876        0.20883
        0.12500        0.27402
        0.06140        0.18752
        0.07628        0.19665
        0.10122        0.22067
        0.00000        0.17016
        0.05178        0.18082
        0.13000        0.30000
        0.11387        0.23603
        0.12000        0.24804
        0.01732        0.17026
        0.13000        0.28268
        0.04199        0.17474
        0.12500        0.25670
        0.08592        0.19927
        0.09829        0.21112
        0.13000        0.26536
        0.00910        0.16566
        0.07373        0.18707
        0.03048        0.16856
        0.11091        0.22302
        0.13500        0.29134
        0.06021        0.17724
        0.09555        0.20152
        0.13500        0.27402
        0.06815        0.18015
        0.08339        0.18962
        0.10800        0.21349
        0.00000        0.16149
        0.13000        0.24804
        0.14000        0.30000
        0.12559        0.23687
        0.14000        0.28268
        0.05375        0.16925
        0.02000        0.15999
        0.09298        0.19235
        0.13513        0.25519
        0.10518        0.20390
        0.12189        0.22579
        0.00860        0.15735
        0.04329        0.16272
        0.06511        0.17063
        0.14055        0.26380
        0.14500        0.29134
        0.11882        0.21467
        0.09057        0.18474
        0.00000        0.15321
        0.03262        0.15659
        0.10263        0.19458
        0.14500        0.27402
        0.13397        0.23854
        0.08249        0.17785
        0.07381        0.17155
        0.13806        0.24571
        0.01564        0.15243
        0.11564        0.20521
        0.15000        0.30000
        0.05257        0.15893
        0.00821        0.14926
        0.15000        0.28268
        0.02475        0.15061
        0.13355        0.22766
        0.11105        0.19622
        0.09999        0.18536
        0.06225        0.16106
        0.12860        0.21647
        0.07194        0.16335
        0.15045        0.26424
        0.00000        0.14530
        0.15500        0.29134
        0.04601        0.15118
        0.01666        0.14496
        0.14770        0.24998
        0.12541        0.20723
        0.09568        0.17636
        0.10810        0.18671
        0.08135        0.16579
        0.14262        0.23444
        0.15500        0.27402
        0.03474        0.14560
        0.12144        0.19808
        0.00782        0.14154
        0.05946        0.15180
        0.16000        0.30000
        0.16000        0.28268
        0.14244        0.22477
        0.13847        0.21760
        0.02512        0.14075
        0.09160        0.16726
        0.06919        0.15392
        0.11772        0.18882
        0.15608        0.25671
        0.10556        0.17708
        0.00000        0.13778
        0.13437        0.20858
        0.01627        0.13742
        0.16000        0.26536
        0.07826        0.15583
        0.16500        0.29134
        0.13129        0.19916
        0.15725        0.24728
        0.15389        0.23786
        0.00743        0.13420
        0.10151        0.16836
        0.11513        0.17982
        0.15015        0.22788
        0.04480        0.13952
        0.16500        0.27402
        0.05656        0.14224
        0.08890        0.15771
        0.12758        0.19031
        0.06628        0.14455
        0.00000        0.13062
        0.14842        0.21830
        0.03489        0.13365
        0.17000        0.30000
        0.14397        0.20936
        0.11120        0.17065
        0.16500        0.25670
        0.02375        0.13098
        0.17000        0.28268
        0.07533        0.14627
        0.14091        0.20151
        0.09878        0.15875
        0.12500        0.18067
        0.00706        0.12722
        0.17000        0.26536
        0.13680        0.19299
        0.08506        0.14850
        0.01394        0.12644
        0.16371        0.23965
        0.16717        0.24903
        0.16038        0.23027
        0.04461        0.13083
        0.17500        0.29134
        0.15694        0.22090
        0.05385        0.13263
        0.10845        0.16123
        0.00000        0.12382
        0.06261        0.13526
        0.12109        0.17191
        0.17500        0.27402
        0.15369        0.21146
        0.09495        0.14984
        0.03158        0.12477
        0.13461        0.18333
        0.07246        0.13670
        0.00670        0.12059
        0.15078        0.20212
        0.18000        0.30000
        0.17500        0.25670
        0.08218        0.13901
        0.18000        0.28268
        0.13035        0.17441
        0.14670        0.19349
        0.10468        0.15199
        0.03968        0.12308
        0.02308        0.12006
        0.11831        0.16233
        0.17208        0.24062
        0.00000        0.11737
        0.04962        0.12396
        0.17007        0.23198
        0.14245        0.18485
        0.18000        0.26536
        0.05906        0.12593
        0.16673        0.22257
        0.09205        0.14028
        0.16348        0.21343
        0.18500        0.29134
        0.06891        0.12756
        0.01326        0.11460
        0.11456        0.15340
        0.12798        0.16480
        0.16013        0.20500
        0.00507        0.11371
        0.03281        0.11629
        0.18500        0.27402
        0.18000        0.24804
        0.14017        0.17559
        0.15592        0.19595
        0.10177        0.14257
        0.07847        0.12974
        0.00000        0.11125
        0.15187        0.18683
        0.18500        0.25670
        0.19000        0.30000
        0.12396        0.15573
        0.04416        0.11480
        0.08835        0.13121
        0.19000        0.28268
        0.13647        0.16636
        0.17946        0.23438
        0.02322        0.10985
        0.05610        0.11647
        0.11163        0.14386
        0.17652        0.22436
        0.14894        0.17736
        0.17329        0.21508
        0.06563        0.11841
        0.19000        0.26536
        0.00680        0.10677
        0.09811        0.13328
        0.16995        0.20587
        0.00000        0.10547
        0.07549        0.12009
        0.01484        0.10538
        0.19500        0.29134
        0.16581        0.19679
        0.13379        0.15707
        0.12134        0.14616
        0.19500        0.27402
        0.16179        0.18795
        0.19000        0.24804
        0.14627        0.16799
        0.10798        0.13481
        0.08533        0.12168
        0.03513        0.10509
        0.01967        0.10286
        0.15766        0.17886
        0.02461        0.10249
        0.18885        0.23667
        0.19500        0.25670
        0.00000        0.10000
        0.20000        0.30000
        0.09508        0.12385
        0.13004        0.14782
        0.00523        0.09986
        0.18244        0.21652
        0.18639        0.22566
        0.20000        0.28268
        0.01045        0.09945
        0.14345        0.15932
        0.11749        0.13700
        0.15468        0.17141
        0.17902        0.20714
        0.01564        0.09877
        0.03015        0.10015
        0.07203        0.11072
        0.06262        0.10712
        0.20000        0.26536
        0.02079        0.09781
        0.17571        0.19771
        0.10494        0.12529
        0.03440        0.09891
        0.17171        0.18878
        0.08187        0.11244
        0.02588        0.09659
        0.20500        0.29134
        0.12731        0.13848
        0.05139        0.10085
        0.14059        0.14976
        0.16760        0.17987
        0.04034        0.09738
        0.20500        0.27402
        0.20000        0.24804
        0.09152        0.11452
        0.11468        0.12747
        0.03090        0.09511
        0.15592        0.16244
        0.19860        0.23842
        0.16393        0.17058
        0.19224        0.21736
        0.19643        0.22744
        0.18883        0.20884
        0.03584        0.09336
        0.10138        0.11613
        0.21000        0.30000
        0.13699        0.14072
        0.06891        0.10132
        0.20585        0.25509
        0.21000        0.28268
        0.04546        0.09416
        0.12369        0.12918
        0.18552        0.19960
        0.15104        0.15189
        0.18134        0.19053
        0.07874        0.10295
        0.04067        0.09135
        0.11098        0.11823
        0.21039        0.26490
        0.17730        0.18140
        0.04949        0.09214
        0.08852        0.10501
        0.06174        0.09391
        0.21500        0.29134
        0.13410        0.13116
        0.14684        0.14203
        0.04540        0.08910
        0.17380        0.17208
        0.21500        0.27402
        0.09826        0.10664
        0.12080        0.11982
        0.05507        0.08987
        0.20206        0.21920
        0.20996        0.24221
        0.19877        0.20980
        0.17006        0.16282
        0.19467        0.20075
        0.20639        0.22814
        0.16258        0.15361
        0.05000        0.08660
        0.10803        0.10872
        0.19125        0.19142
        0.22000        0.30000
        0.14306        0.13279
        0.13052        0.12195
        0.18722        0.18251
        0.15688        0.14418
        0.05883        0.08664
        0.22081        0.28161
        0.21720        0.25375
        0.22000        0.26536
        0.11777        0.11091
        0.05446        0.08387
        0.08411        0.09353
        0.18375        0.17315
        0.07123        0.08796
        0.09482        0.09729
        0.15271        0.13535
        0.22500        0.29134
        0.17996        0.16420
        0.14038        0.12342
        0.06417        0.08362
        0.21174        0.21978
        0.20847        0.21157
        0.16613        0.14603
        0.10467        0.09898
        0.12752        0.11242
        0.20437        0.20160
        0.05878        0.08090
        0.21696        0.23271
        0.20100        0.19334
        0.22382        0.25833
        0.19684        0.18426
        0.22659        0.27061
        0.17412        0.15200
        0.11409        0.10162
        0.15005        0.12573
        0.22233        0.24110
        0.23000        0.30000
        0.06845        0.08015
        0.16255        0.13671
        0.19359        0.17487
        0.13673        0.11412
        0.06293        0.07771
        0.18943        0.16578
        0.12397        0.10311
        0.09141        0.08584
        0.23210        0.28086
        0.10121        0.08960
        0.22803        0.24927
        0.07889        0.08003
        0.15973        0.12823
        0.22152        0.22178
        0.21419        0.20340
        0.18612        0.15645
        0.17276        0.14031
        0.21842        0.21236
        0.06691        0.07431
        0.14723        0.11615
        0.07251        0.07555
        0.21090        0.19404
        0.11172        0.09196
        0.20677        0.18527
        0.13384        0.10468
        0.22692        0.23239
        0.23475        0.26254
        0.23775        0.28915
        0.20341        0.17587
        0.12132        0.09473
        0.15600        0.11897
        0.18219        0.14465
        0.23213        0.24019
        0.19937        0.16675
        0.07554        0.07233
        0.07071        0.07071
        0.24000        0.30000
        0.16935        0.12973
        0.14356        0.10686
        0.23926        0.27167
        0.10895        0.08474
        0.08783        0.07477
        0.10048        0.07983
        0.19608        0.15733
        0.13083        0.09515
        0.08000        0.07012
        0.22789        0.21419
        0.22382        0.20405
        0.23134        0.22355
        0.22058        0.19616
        0.21628        0.18716
        0.24321        0.28080
        0.16587        0.12042
        0.07431        0.06691
        0.24000        0.25141
        0.19276        0.14867
        0.15345        0.10833
        0.11892        0.08503
        0.21322        0.17772
        0.23675        0.23138
        0.14059        0.09732
        0.20893        0.16870
        0.24460        0.26411
        0.18259        0.13297
        0.24772        0.28966
        0.12646        0.08629
        0.19031        0.13963
        0.16220        0.11113
        0.08415        0.06547
        0.20588        0.15924
        0.07771        0.06293
        0.24245        0.24037
        0.25000        0.30000
        0.24912        0.27301
        0.13597        0.08926
        0.11428        0.07631
        0.09385        0.06698
        0.17784        0.12196
        0.23360        0.20601
        0.15165        0.09878
        0.20264        0.14978
        0.22622        0.18803
        0.23783        0.21496
        0.23047        0.19662
        0.24766        0.24734
        0.25298        0.28122
        0.24190        0.22287
        0.22309        0.17856
        0.08090        0.05878
        0.17220        0.11269
        0.25080        0.25681
        0.19882        0.14079
        0.21889        0.16951
        0.12412        0.07711
        0.08687        0.05970
        0.24653        0.23167
        0.21565        0.16131
        0.25456        0.26471
        0.13415        0.08016
        0.25760        0.29089
        0.10717        0.06556
        0.16485        0.10176
        0.19559        0.13134
        0.25160        0.24026
        0.21256        0.15180
        0.08387        0.05446
        0.14658        0.08589
        0.19009        0.12318
        0.23555        0.19019
        0.26000        0.30000
        0.25903        0.27329
        0.24318        0.20663
        0.24009        0.19894
        0.20838        0.14280
        0.11990        0.06808
        0.25600        0.24830
        0.08960        0.05421
        0.23284        0.18067
        0.09662        0.05653
        0.24835        0.21516
        0.16086        0.09251
        0.18589        0.11371
        0.26289        0.28243
        0.23026        0.17141
        0.25243        0.22255
        0.22532        0.16223
        0.26078        0.25699
        0.17454        0.10143
        0.20538        0.13332
        0.08660        0.05000
        0.13104        0.06995
        0.25651        0.23166
        0.22130        0.15315
        0.26409        0.26633
        0.09263        0.05029
        0.20106        0.12438
        0.14071        0.07246
        0.26758        0.29117
        0.17078        0.09371
        0.21825        0.14392
        0.26150        0.23988
        0.24536        0.19114
        0.24129        0.18205
        0.18416        0.10417
        0.15823        0.08234
        0.11830        0.05826
        0.10764        0.05332
        0.24936        0.19731
        0.08910        0.04540
        0.25315        0.20653
        0.27000        0.30000
        0.26884        0.27480
        0.21429        0.13475
        0.26591        0.24881
        0.19795        0.11495
        0.25821        0.21457
        0.09426        0.04456
        0.16687        0.08452
        0.26927        0.25786
        0.12876        0.05934
        0.27256        0.28259
        0.10085        0.04609
        0.26234        0.22365
        0.18069        0.09480
        0.15348        0.07356
        0.24304        0.17390
        0.21094        0.12537
        0.19379        0.10592
        0.23242        0.15433
        0.26606        0.23283
        0.13806        0.06282
        0.23839        0.16357
        0.09135        0.04067
        0.22800        0.14582
        0.24941        0.18215
        0.11684        0.04994
        0.27403        0.26635
        0.09634        0.04066
        0.20686        0.11626
        0.27689        0.29227
        0.17678        0.08576
        0.27142        0.24069
        0.16334        0.07519
        0.25511        0.18967
        0.22478        0.13637
        0.26253        0.20804
        0.25923        0.19874
        0.19052        0.09652
        0.12671        0.05157
        0.14996        0.06420
        0.27507        0.24979
        0.27875        0.27476
        0.28000        0.30000
        0.09336        0.03584
        0.22071        0.12729
        0.20367        0.10704
        0.26812        0.21563
        0.11134        0.04141
        0.27894        0.25894
        0.27181        0.22480
        0.13657        0.05321
        0.17317        0.07689
        0.23769        0.14688
        0.21664        0.11828
        0.18649        0.08742
        0.10185        0.03613
        0.28245        0.28398
        0.27550        0.23397
        0.15983        0.06583
        0.25880        0.18314
        0.24381        0.15435
        0.19970        0.09787
        0.25501        0.17403
        0.23379        0.13774
        0.28357        0.26777
        0.09511        0.03090
        0.14644        0.05484
        0.12319        0.04221
        0.26830        0.20004
        0.21345        0.10882
        0.26500        0.19082
        0.27188        0.20923
        0.28685        0.29288
        0.28128        0.24201
        0.23059        0.12849
        0.18310        0.07805
        0.16974        0.06751
        0.25360        0.16323
        0.28398        0.25079
        0.10106        0.02994
        0.19637        0.08863
        0.13306        0.04385
        0.15631        0.05647
        0.28855        0.27640
        0.22670        0.11929
        0.29000        0.30000
        0.27800        0.21698
        0.24725        0.14752
        0.21011        0.09941
        0.09659        0.02588
        0.28169        0.22615
        0.24357        0.13974
        0.10729        0.02889
        0.28889        0.25949
        0.14292        0.04548
        0.26445        0.17587
        0.17916        0.06889
        0.29216        0.28449
        0.22325        0.11078
        0.19248        0.07943
        0.28539        0.23330
        0.10169        0.02502
        0.26861        0.18207
        0.16617        0.05810
        0.11812        0.03129
        0.27262        0.19064
        0.20619        0.09031
        0.24083        0.13082
        0.27731        0.19931
        0.29341        0.26771
        0.25469        0.15069
        0.12954        0.03449
        0.15279        0.04711
        0.28971        0.24191
        0.09781        0.02079
        0.28171        0.20823
        0.29683        0.29331
        0.22003        0.10061
        0.23704        0.12087
        0.18905        0.07017
        0.28587        0.21678
        0.17604        0.05974
        0.29396        0.25094
        0.26634        0.16605
        0.13940        0.03612
        0.20275        0.08094
        0.29813        0.27650
        0.25345        0.14098
        0.10364        0.01921
        0.16265        0.04874
        0.23281        0.11148
        0.30000        0.30000
        0.24991        0.13369
        0.29082        0.22500
        0.21610        0.09143
        0.09877        0.01564
        0.27351        0.17406
        0.29883        0.25938
        0.14927        0.03775
        0.26436        0.15446
        0.27846        0.18269
        0.29502        0.23398
        0.18521        0.06094
        0.28244        0.19144
        0.19888        0.07178
        0.30276        0.28620
        0.22976        0.10220
        0.17252        0.05038
        0.11179        0.01771
        0.21211        0.08226
        0.28722        0.20015
        0.12558        0.02305
        0.10402        0.01411
        0.29071        0.20928
        0.26158        0.14329
        0.30334        0.26799
        0.29966        0.24280
        0.13588        0.02676
        0.15913        0.03938
        0.25008        0.12439
        0.09945        0.01045
        0.22578        0.09319
        0.24266        0.11280
        0.29537        0.21810
        0.30365        0.25190
        0.19537        0.06243
        0.25864        0.13306
        0.18238        0.05201
        0.30736        0.27708
        0.14575        0.02839
        0.20879        0.07299
        0.30022        0.22682
        0.23870        0.10368
        0.16900        0.04102
        0.27876        0.16549
        0.22192        0.08414
        0.27427        0.15580
        0.31000        0.30000
        0.28345        0.17426
        0.28762        0.18313
        0.30845        0.26077
        0.27048        0.14655
        0.10646        0.00756
        0.09986        0.00523
        0.15561        0.03002
        0.29236        0.19188
        0.30497        0.23451
        0.19206        0.05386
        0.29610        0.20088
        0.23569        0.09420
        0.20534        0.06361
        0.17887        0.04265
        0.12293        0.01157
        0.31336        0.28812
        0.21861        0.07471
        0.30068        0.20973
        0.30902        0.24349
        0.11467        0.00702
        0.31319        0.26928
        0.26788        0.13403
        0.16548        0.03165
        0.23182        0.08527
        0.30529        0.21822
        0.10000        0.00000
        0.25658        0.11494
        0.13434        0.01353
        0.26350        0.12432
        0.31362        0.25227
        0.15375        0.02240
        0.25125        0.10557
        0.18885        0.04443
        0.20172        0.05438
        0.31710        0.27728
        0.10532        0.00000
        0.28417        0.15710
        0.29251        0.17501
        0.11974        0.00526
        0.28869        0.16600
        0.21519        0.06532
        0.31020        0.22702
        0.24529        0.09623
        0.17535        0.03329
        0.29757        0.18356
        0.22843        0.07655
        0.11077        0.00000
        0.32000        0.30000
        0.30158        0.19252
        0.14715        0.01545
        0.12468        0.00460
        0.31840        0.26082
        0.16267        0.02292
        0.30605        0.20145
        0.13083        0.00618
        0.31523        0.23564
        0.11634        0.00000
        0.24160        0.08714
        0.28277        0.14542
        0.21150        0.05554
        0.32314        0.28855
        0.17147        0.02584
        0.31054        0.20974
        0.27791        0.13434
        0.31891        0.24420
        0.12203        0.00000
        0.22504        0.06706
        0.19963        0.04477
        0.13623        0.00551
        0.32312        0.26931
        0.27346        0.12414
        0.29320        0.15872
        0.26842        0.11565
        0.31526        0.21845
        0.23820        0.07777
        0.12785        0.00000
        0.14300        0.00646
        0.26360        0.10690
        0.32338        0.25313
        0.29858        0.16712
        0.29022        0.14939
        0.30245        0.17513
        0.18847        0.03200
        0.30649        0.18399
        0.32702        0.27847
        0.20814        0.04674
        0.22123        0.05785
        0.16011        0.01370
        0.25881        0.09813
        0.32015        0.22695
        0.13380        0.00000
        0.25147        0.08843
        0.31109        0.19286
        0.18169        0.02556
        0.23439        0.06857
        0.14864        0.00568
        0.33000        0.30000
        0.32804        0.26202
        0.32449        0.23594
        0.13989        0.00000
        0.31601        0.20140
        0.24766        0.07919
        0.15570        0.00674
        0.19840        0.03315
        0.32043        0.21035
        0.33305        0.28902
        0.17362        0.01555
        0.28344        0.12439
        0.32886        0.24477
        0.28866        0.13291
        0.29369        0.14190
        0.14611        0.00000
        0.23110        0.05926
        0.29865        0.15011
        0.27873        0.11566
        0.33298        0.27067
        0.30317        0.15836
        0.27358        0.10709
        0.21739        0.04533
        0.32504        0.21917
        0.16159        0.00585
        0.24430        0.06986
        0.30813        0.16692
        0.26880        0.09837
        0.31235        0.17597
        0.20862        0.03605
        0.15246        0.00000
        0.33335        0.25370
        0.31647        0.18447
        0.26371        0.08977
        0.33682        0.27910
        0.19446        0.02400
        0.33010        0.22774
        0.25744        0.08110
        0.32094        0.19338
        0.16895        0.00703
        0.22780        0.04958
        0.24091        0.06102
        0.15894        0.00000
        0.18615        0.01606
        0.32547        0.20225
        0.34000        0.30000
        0.33791        0.26201
        0.33442        0.23651
        0.34133        0.28801
        0.25409        0.07171
        0.29343        0.12417
        0.33036        0.21093
        0.17510        0.00602
        0.30326        0.14132
        0.29861        0.13249
        0.20426        0.02509
        0.16557        0.00000
        0.28869        0.11538
        0.28357        0.10695
        0.33880        0.24532
        0.23704        0.05181
        0.30856        0.14945
        0.34246        0.27087
        0.31314        0.15829
        0.22623        0.04086
        0.27877        0.09819
        0.31769        0.16755
        0.33485        0.21899
        0.18277        0.00732
        0.32220        0.17644
        0.27371        0.08969
        0.25069        0.06234
        0.32594        0.18481
        0.17234        0.00000
        0.21975        0.03264
        0.34368        0.25404
        0.33918        0.22797
        0.26886        0.08095
        0.34677        0.27979
        0.33088        0.19402
        0.20069        0.01636
        0.26393        0.07349
        0.23382        0.04239
        0.24695        0.05310
        0.33532        0.20228
        0.18917        0.00620
        0.17925        0.00000
        0.34377        0.23682
        0.34774        0.26243
        0.21537        0.02419
        0.35000        0.30000
        0.30322        0.12456
        0.31295        0.14185
        0.30858        0.13293
        0.29867        0.11571
        0.29342        0.10725
        0.33984        0.21119
        0.35127        0.28868
        0.26053        0.06406
        0.20818        0.01651
        0.32239        0.15908
        0.31850        0.15006
        0.32639        0.16791
        0.28876        0.09844
        0.19716        0.00762
        0.28360        0.08991
        0.34876        0.24544
        0.18630        0.00000
        0.24363        0.04430
        0.35208        0.27143
        0.23280        0.03394
        0.33146        0.17649
        0.34479        0.21982
        0.27885        0.08114
        0.33591        0.18539
        0.25685        0.05447
        0.27362        0.07244
        0.21582        0.01667
        0.34906        0.22837
        0.35343        0.25425
        0.22740        0.02556
        0.20457        0.00778
        0.34087        0.19402
        0.19349        0.00000
        0.35674        0.28025
        0.27041        0.06550
        0.34526        0.20280
        0.31758        0.13301
        0.24168        0.03478
        0.30796        0.11578
        0.35346        0.23734
        0.25339        0.04564
        0.31315        0.12431
        0.30338        0.10709
        0.32686        0.15022
        0.35768        0.26315
        0.32285        0.14148
        0.29826        0.09851
        0.36000        0.30000
        0.33228        0.15992
        0.22360        0.01682
        0.21213        0.00793
        0.20083        0.00000
        0.29357        0.08982
        0.35021        0.21147
        0.26666        0.05624
        0.33636        0.16791
        0.28884        0.08140
        0.35860        0.24573
        0.34138        0.17727
        0.24969        0.03639
        0.28369        0.07284
        0.36235        0.27198
        0.35474        0.22020
        0.34570        0.18532
        0.36423        0.28986
        0.23898        0.02425
        0.26319        0.04690
        0.27988        0.06534
        0.20832        0.00000
        0.21984        0.00808
        0.23154        0.01698
        0.36286        0.25475
        0.35013        0.19427
        0.35899        0.22903
        0.27552        0.05851
        0.32308        0.12473
        0.31333        0.10739
        0.31848        0.11587
        0.33679        0.15116
        0.33270        0.14213
        0.35522        0.20283
        0.32834        0.13316
        0.30862        0.09858
        0.25940        0.03768
        0.30354        0.09005
        0.36387        0.23775
        0.36764        0.26350
        0.21595        0.00000
        0.34199        0.15966
        0.36929        0.28075
        0.37000        0.30000
        0.22770        0.00824
        0.35950        0.21160
        0.29875        0.08128
        0.34632        0.16860
        0.25116        0.02739
        0.29368        0.07268
        0.23926        0.01525
        0.35136        0.17715
        0.36847        0.24651
        0.36392        0.22055
        0.28950        0.06516
        0.27613        0.04888
        0.35562        0.18593
        0.22374        0.00000
        0.28453        0.05659
        0.37352        0.27283
        0.23571        0.00840
        0.37285        0.25498
        0.36894        0.22914
        0.36066        0.19455
        0.24792        0.01727
        0.32837        0.11589
        0.32331        0.10713
        0.31809        0.09861
        0.33306        0.12437
        0.34254        0.14338
        0.33871        0.13416
        0.34675        0.15105
        0.31352        0.08988
        0.27105        0.03721
        0.36517        0.20345
        0.37808        0.28947
        0.35187        0.16062
        0.29699        0.06519
        0.37720        0.26397
        0.37384        0.23810
        0.23167        0.00000
        0.35604        0.16839
        0.36941        0.21222
        0.38000        0.30000
        0.24388        0.00856
        0.36034        0.17739
        0.31031        0.07947
        0.26565        0.02688
        0.38056        0.27979
        0.29393        0.05629
        0.37835        0.24676
        0.30499        0.06961
        0.37448        0.22082
        0.28896        0.04875
        0.36556        0.18585
        0.38273        0.27013
        0.23976        0.00000
        0.34202        0.12511
        0.33797        0.11722
        0.36974        0.19469
        0.34716        0.13453
        0.25965        0.01590
        0.33375        0.10817
        0.25219        0.00866
        0.38280        0.25569
        0.37909        0.22961
        0.32451        0.09148
        0.35251        0.14291
        0.32966        0.09905
        0.35669        0.15189
        0.37410        0.20367
        0.28532        0.03887
        0.30310        0.05858
        0.36185        0.16035
        0.36593        0.16912
        0.38377        0.23843
        0.24799        0.00000
        0.38870        0.27717
        0.37935        0.21211
        0.27807        0.02705
        0.29927        0.05036
        0.39000        0.30000
        0.38853        0.26253
        0.37107        0.17767
        0.29461        0.04263
        0.38324        0.22084
        0.38832        0.24732
        0.26012        0.00683
        0.39175        0.28737
        0.37550        0.18660
        0.31733        0.06917
        0.35191        0.12575
        0.34777        0.11704
        0.34366        0.10901
        0.32373        0.07686
        0.39228        0.26970
        0.27366        0.01732
        0.35710        0.13428
        0.37965        0.19538
        0.33959        0.10012
        0.33450        0.09153
        0.38802        0.22946
        0.36235        0.14409
        0.25638        0.00000
        0.36631        0.15151
        0.31414        0.05938
        0.37046        0.16058
        0.39315        0.25370
        0.33151        0.08336
        0.38407        0.20331
        0.26928        0.00866
        0.39621        0.27886
        0.30926        0.05068
        0.38744        0.21225
        0.29494        0.03328
        0.37584        0.16891
        0.39372        0.23765
        0.28917        0.02512
        0.38000        0.17799
        0.30456        0.04187
        0.40000        0.30000
        0.26493        0.00000
        0.39848        0.26202
        0.38425        0.18683
        0.39266        0.22077
        0.28358        0.01690
        0.35771        0.11804
        0.34865        0.10037
        0.35364        0.10895
        0.32883        0.06827
        0.36702        0.13528
        0.36300        0.12625
        0.39893        0.24615
        0.34444        0.09139
        0.27805        0.00866
        0.40275        0.28900
        0.33955        0.08297
        0.40209        0.27081
        0.32390        0.05958
        0.37231        0.14363
        0.37617        0.15240
        0.39798        0.22923
        0.33527        0.07395
        0.39011        0.19347
        0.31919        0.05077
        0.40263        0.25305
        0.39362        0.20280
        0.38145        0.16086
        0.27363        0.00000
        0.31453        0.04227
        0.39743        0.21202
        0.38575        0.16983
        0.38922        0.17837
        0.40738        0.27927
        0.40634        0.26230
        0.40358        0.23734
        0.30967        0.03301
        0.28698        0.00866
        0.29360        0.01503
        0.41000        0.30000
        0.36342        0.10988
        0.30235        0.02267
        0.35835        0.10021
        0.39446        0.18686
        0.40262        0.22038
        0.35430        0.09249
        0.37278        0.12770
        0.34924        0.08389
        0.37652        0.13469
        0.38048        0.14384
        0.41115        0.28852
        0.36916        0.11841
        0.33412        0.05976
        0.28248        0.00000
        0.34521        0.07481
        0.40907        0.24559
        0.32916        0.05108
        0.40662        0.22952
        0.41197        0.27042
        0.39993        0.19519
        0.38606        0.15202
        0.34099        0.06575
        0.32452        0.04234
        0.40343        0.20405
        0.41240        0.25439
        0.31963        0.03368
        0.39174        0.15968
        0.41562        0.27970
        0.29554        0.00668
        0.39530        0.16899
        0.39919        0.17817
        0.40869        0.21254
        0.41317        0.23657
        0.29149        0.00000
        0.37726        0.11880
        0.31527        0.02474
        0.36828        0.10117
        0.37339        0.10965
        0.35922        0.08388
        0.36421        0.09214
        0.41778        0.26278
        0.31000        0.01732
        0.38634        0.13578
        0.30381        0.01019
        0.41248        0.22143
        0.41644        0.24589
        0.35514        0.07584
        0.42000        0.30000
        0.38272        0.12701
        0.40433        0.18624
        0.33913        0.05111
        0.42100        0.28758
        0.40829        0.19539
        0.35108        0.06671
        0.39173        0.14416
        0.33409        0.04251
        0.39592        0.15316
        0.42177        0.27184
        0.34685        0.05761
        0.41758        0.23002
        0.32942        0.03368
        0.41335        0.20371
        0.30065        0.00000
        0.42224        0.25387
        0.40156        0.16137
        0.40510        0.17014
        0.32517        0.02562
        0.41745        0.21281
        0.39043        0.12723
        0.42256        0.23813
        0.31996        0.01712
        0.37787        0.10082
        0.42561        0.26320
        0.37402        0.09347
        0.38305        0.11073
        0.38669        0.11797
        0.42739        0.28007
        0.41050        0.17852
        0.37066        0.08460
        0.31470        0.00866
        0.39971        0.14452
        0.39619        0.13524
        0.41416        0.18733
        0.42244        0.22129
        0.43000        0.30000
        0.34469        0.04245
        0.42730        0.24686
        0.35117        0.05035
        0.33934        0.03402
        0.30996        0.00000
        0.36887        0.07635
        0.40574        0.15232
        0.40917        0.16160
        0.35817        0.05847
        0.41937        0.19583
        0.42668        0.23032
        0.36443        0.06701
        0.43160        0.27104
        0.33487        0.02538
        0.43296        0.28951
        0.42322        0.20466
        0.43179        0.25543
        0.32983        0.01680
        0.41495        0.16960
        0.43489        0.28039
        0.38778        0.10195
        0.41850        0.17883
        0.39651        0.11932
        0.32425        0.00866
        0.38389        0.09287
        0.39301        0.11033
        0.40119        0.12813
        0.43228        0.23827
        0.42828        0.21326
        0.38075        0.08523
        0.40578        0.13667
        0.43655        0.26417
        0.31944        0.00000
        0.41027        0.14556
        0.35468        0.04196
        0.42404        0.18703
        0.34926        0.03357
        0.43233        0.22209
        0.37885        0.07692
        0.34372        0.02533
        0.44000        0.30000
        0.41520        0.15376
        0.42779        0.19619
        0.37438        0.06801
        0.43734        0.24684
        0.36320        0.05019
        0.41942        0.16276
        0.37027        0.05890
        0.44110        0.27267
        0.33962        0.01664
        0.43729        0.23076
        0.33395        0.00866
        0.38824        0.08609
        0.43313        0.20454
        0.42444        0.17092
        0.40147        0.11105
        0.44159        0.25559
        0.39364        0.09447
        0.39727        0.10142
        0.44448        0.28901
        0.40642        0.11963
        0.42840        0.18007
        0.41065        0.12865
        0.44480        0.27936
        0.32906        0.00000
        0.43710        0.21362
        0.44199        0.23932
        0.41562        0.13715
        0.41985        0.14616
        0.35919        0.03305
        0.43356        0.18814
        0.44646        0.26433
        0.38883        0.07744
        0.35361        0.02482
        0.38427        0.06855
        0.34794        0.01670
        0.44227        0.22211
        0.42492        0.15448
        0.43771        0.19721
        0.38019        0.05988
        0.45000        0.30000
        0.36871        0.04058
        0.42931        0.16230
        0.39733        0.08622
        0.37619        0.05088
        0.34385        0.00764
        0.45107        0.27318
        0.40716        0.10284
        0.44911        0.24559
        0.41143        0.11182
        0.33884        0.00000
        0.44276        0.20547
        0.45101        0.25637
        0.43441        0.17087
        0.40348        0.09360
        0.41622        0.12039
        0.42049        0.12940
        0.45402        0.28244
        0.43828        0.17944
        0.44705        0.21448
        0.42538        0.13789
        0.36890        0.03148
        0.36357        0.02407
        0.42978        0.14581
        0.39421        0.06956
        0.45172        0.23276
        0.45690        0.29201
        0.35788        0.01581
        0.44353        0.18792
        0.39014        0.06046
        0.35359        0.00852
        0.43466        0.15415
        0.45199        0.22290
        0.38555        0.05162
        0.45767        0.26570
        0.40219        0.07867
        0.40760        0.08704
        0.44913        0.20060
        0.46000        0.30000
        0.34878        0.00000
        0.43923        0.16298
        0.38159        0.04248
        0.41690        0.10352
        0.41328        0.09523
        0.42139        0.11244
        0.37687        0.03374
        0.45941        0.25265
        0.42606        0.12114
        0.44424        0.17160
        0.45365        0.20951
        0.43044        0.12932
        0.46320        0.28712
        0.44816        0.18076
        0.37322        0.02455
        0.46341        0.27647
        0.43456        0.13705
        0.36776        0.01657
        0.40415        0.07049
        0.45822        0.21840
        0.39996        0.06142
        0.46018        0.22767
        0.43970        0.14560
        0.36320        0.00777
        0.39549        0.05262
        0.45312        0.18904
        0.46261        0.23939
        0.46586        0.25892
        0.35883        0.00000
        0.39135        0.04353
        0.44464        0.15427
        0.41215        0.07828
        0.38679        0.03484
        0.41743        0.08616
        0.42212        0.09499
        0.45911        0.20116
        0.44922        0.16293
        0.47000        0.30000
        0.42742        0.10447
        0.43136        0.11269
        0.43511        0.12056
        0.38270        0.02574
        0.37750        0.01773
        0.45416        0.17277
        0.47064        0.26667
        0.47187        0.28624
        0.44014        0.12911
        0.46362        0.20999
        0.47021        0.24994
        0.37303        0.00899
        0.40994        0.06202
        0.46026        0.18410
        0.40545        0.05310
        0.46783        0.21905
        0.36888        0.00000
        0.40088        0.04421
        0.41697        0.06952
        0.44778        0.13673
        0.47612        0.27574
        0.42215        0.07807
        0.46484        0.19297
        0.47210        0.22809
        0.47757        0.29295
        0.45302        0.14864
        0.47581        0.25814
        0.39708        0.03438
        0.42742        0.08655
        0.43207        0.09522
        0.47473        0.24103
        0.45748        0.15800
        0.39267        0.02548
        0.46906        0.20200
        0.38737        0.01703
        0.48000        0.30000
        0.46150        0.16656
        0.44455        0.11721
        0.44067        0.10800
        0.38297        0.00941
        0.44939        0.12697
        0.48132        0.28510
        0.48062        0.26683
        0.47357        0.21089
        0.46605        0.17609
        0.48013        0.24943
        0.37892        0.00000
        0.47023        0.18462
        0.47777        0.21986
        0.48466        0.29341
        0.41688        0.05210
        0.42195        0.06071
        0.42696        0.06935
        0.41219        0.04340
        0.40706        0.03484
        0.45890        0.14056
        0.43210        0.07773
        0.43675        0.08656
        0.47476        0.19393
        0.48609        0.27512
        0.46296        0.14965
        0.40242        0.02599
        0.39727        0.01769
        0.48574        0.25855
        0.48228        0.22878
        0.44308        0.09640
        0.46746        0.15854
        0.47893        0.20249
        0.39267        0.00889
        0.48535        0.24094
        0.45445        0.11838
        0.45875        0.12918
        0.47142        0.16768
        0.45026        0.10678
        0.49000        0.30000
        0.48315        0.21155
        0.38897        0.00000
        0.49033        0.26614
        0.47603        0.17649
        0.49222        0.28861
        0.49009        0.24959
        0.43153        0.06083
        0.42169        0.04347
        0.48018        0.18554
        0.42685        0.05200
        0.43678        0.06972
        0.48773        0.22041
        0.41699        0.03465
        0.44207        0.07818
        0.46879        0.14174
        0.46612        0.13388
        0.44667        0.08672
        0.41241        0.02580
        0.49091        0.23267
        0.40721        0.01728
        0.47277        0.15012
        0.48474        0.19439
        0.40265        0.00928
        0.45273        0.09557
        0.49566        0.25771
        0.47725        0.15959
        0.46036        0.11080
        0.48886        0.20335
        0.46406        0.11826
        0.49519        0.24167
        0.45818        0.10265
        0.48134        0.16812
        0.49868        0.27765
        0.39902        0.00000
        0.50000        0.30000
        0.46934        0.12673
        0.48593        0.17756
        0.49413        0.21287
        0.50101        0.26663
        0.44164        0.06106
        0.43682        0.05235
        0.43207        0.04358
        0.49994        0.24935
        0.42697        0.03498
        0.47421        0.13339
        0.44670        0.06934
        0.45151        0.07810
        0.49001        0.18594
        0.42224        0.02618
        0.41715        0.01776
        0.47874        0.14211
        0.45654        0.08619
        0.50016        0.23431
        0.50444        0.29005
        0.41245        0.00899
        0.48270        0.15123
        0.49415        0.19503
        0.46167        0.09471
        0.46623        0.10338
        0.50040        0.22436
        0.46980        0.11010
        0.48722        0.16005
        0.50553        0.25846
        0.40907        0.00000
        0.47400        0.11906
        0.50675        0.27291
        0.49881        0.20383
        0.49128        0.16912
        0.50512        0.24081
        0.50910        0.28136
        0.47876        0.12495
        0.51000        0.30000
        0.44665        0.05246
        0.49591        0.17792
        0.44206        0.04384
        0.50978        0.26532
        0.43694        0.03485
        0.43177        0.02633
        0.45198        0.06090
        0.45665        0.06953
        0.48399        0.13442
        0.42710        0.01749
        0.50992        0.24950
        0.46190        0.07803
        0.49992        0.18687
        0.42243        0.00929
        0.48859        0.14346
        0.46630        0.08592
        0.50604        0.21407
        0.47082        0.09473
        0.50937        0.23236
        0.49244        0.15156
        0.51440        0.28980
        0.50454        0.19573
        0.47939        0.11075
        0.47628        0.10300
        0.41912        0.00000
        0.51520        0.27359
        0.49709        0.16127
        0.48397        0.11961
        0.51548        0.25772
        0.50104        0.16941
        0.51503        0.24126
        0.45108        0.04376
        0.51034        0.20515
        0.44644        0.03492
        0.51893        0.28235
        0.50508        0.17854
        0.46122        0.06084
        0.45658        0.05204
        0.48964        0.12621
        0.44176        0.02610
        0.52000        0.30000
        0.51445        0.22381
        0.43706        0.01786
        0.51926        0.26458
        0.46660        0.06922
        0.49393        0.13509
        0.47131        0.07801
        0.43230        0.00911
        0.47618        0.08673
        0.51958        0.24868
        0.50986        0.18727
        0.49851        0.14364
        0.48042        0.09400
        0.50235        0.15279
        0.42917        0.00000
        0.51932        0.23229
        0.52312        0.27379
        0.48519        0.10268
        0.51391        0.19641
        0.48930        0.11153
        0.52428        0.29076
        0.51741        0.21486
        0.50707        0.16151
        0.51092        0.17044
        0.52542        0.25677
        0.46107        0.04410
        0.45636        0.03528
        0.49560        0.11822
        0.46637        0.05233
        0.45172        0.02644
        0.52492        0.24028
        0.47120        0.06107
        0.49943        0.12743
        0.44694        0.01769
        0.52880        0.28187
        0.44229        0.00934
        0.47652        0.06952
        0.50353        0.13647
        0.52102        0.20590
        0.52420        0.22462
        0.51565        0.17924
        0.48127        0.07813
        0.53000        0.30000
        0.52913        0.26582
        0.48653        0.08662
        0.50831        0.14518
        0.49000        0.09403
        0.51978        0.18832
        0.43922        0.00000
        0.49418        0.10308
        0.52953        0.24894
        0.51201        0.15291
        0.52907        0.23232
        0.49924        0.11164
        0.53304        0.27285
        0.51592        0.16209
        0.53426        0.29024
        0.52457        0.19708
        0.52843        0.21558
        0.46635        0.03566
        0.53445        0.25761
        0.47566        0.05236
        0.47100        0.04353
        0.46167        0.02683
        0.52085        0.17071
        0.50540        0.11943
        0.45690        0.01808
        0.50929        0.12862
        0.48114        0.06067
        0.45218        0.00930
        0.48583        0.06943
        0.53467        0.24132
        0.52478        0.17990
        0.51327        0.13657
        0.53876        0.28104
        0.49122        0.07780
        0.53414        0.22372
        0.54000        0.30000
        0.49599        0.08617
        0.44927        0.00000
        0.49985        0.09488
        0.53959        0.26617
        0.51818        0.14516
        0.53279        0.20660
        0.52973        0.18853
        0.52185        0.15407
        0.53950        0.24910
        0.50531        0.10322
        0.50950        0.11192
        0.53906        0.23235
        0.52674        0.16277
        0.48538        0.05282
        0.47613        0.03519
        0.48095        0.04389
        0.47166        0.02709
        0.53835        0.21489
        0.54500        0.29134
        0.54464        0.27427
        0.51481        0.12036
        0.46689        0.01831
        0.46217        0.00959
        0.53076        0.17189
        0.54435        0.25740
        0.49088        0.06087
        0.53690        0.19781
        0.51922        0.12906
        0.49538        0.06861
        0.49962        0.07725
        0.50392        0.08627
        0.52285        0.13644
        0.54463        0.24058
        0.53477        0.17991
        0.45932        0.00000
        0.52659        0.14569
        0.54407        0.22401
        0.50971        0.09428
        0.54962        0.28294
        0.55000        0.30000
        0.51385        0.10330
        0.54976        0.26574
        0.53176        0.15414
        0.54349        0.20634
        0.54944        0.24907
        0.53517        0.16350
        0.51941        0.11151
        0.54875        0.23154
        0.48606        0.03579
        0.49083        0.04447
        0.48148        0.02696
        0.52375        0.12043
        0.47688        0.01862
        0.49528        0.05196
        0.47214        0.00982
        0.54311        0.18977
        0.54833        0.21499
        0.55500        0.29134
        0.55460        0.27428
        0.50084        0.06025
        0.50535        0.06910
        0.55409        0.25679
        0.50956        0.07801
        0.52915        0.12877
        0.51421        0.08686
        0.53268        0.13778
        0.55363        0.24025
        0.54221        0.17243
        0.54773        0.19857
        0.46936        0.00000
        0.51937        0.09505
        0.53753        0.14676
        0.52375        0.10397
        0.55401        0.22312
        0.56000        0.30000
        0.55898        0.26550
        0.55998        0.28351
        0.54147        0.15578
        0.54760        0.18084
        0.55339        0.20676
        0.52908        0.11206
        0.55936        0.24838
        0.49604        0.03596
        0.49144        0.02741
        0.48676        0.01860
        0.50050        0.04379
        0.48180        0.00995
        0.50519        0.05253
        0.55868        0.23164
        0.53372        0.12090
        0.56353        0.29212
        0.51056        0.06064
        0.51475        0.06964
        0.55309        0.18919
        0.53775        0.12954
        0.54756        0.16315
        0.55794        0.21401
        0.51951        0.07839
        0.56453        0.27375
        0.52391        0.08735
        0.47941        0.00000
        0.56402        0.25688
        0.54259        0.13820
        0.55219        0.17200
        0.55767        0.19789
        0.52910        0.09560
        0.56424        0.23993
        0.56283        0.22285
        0.54747        0.14666
        0.53364        0.10325
        0.57000        0.30000
        0.49574        0.01861
        0.50058        0.02712
        0.55755        0.18024
        0.56809        0.24808
        0.49125        0.00994
        0.54169        0.12085
        0.56964        0.26513
        0.50579        0.03559
        0.51042        0.04438
        0.53905        0.11164
        0.56316        0.20548
        0.51509        0.05314
        0.55309        0.15491
        0.52024        0.06136
        0.56859        0.23094
        0.57262        0.28661
        0.52472        0.07029
        0.56228        0.18903
        0.52940        0.07902
        0.54761        0.12877
        0.55747        0.16353
        0.48946        0.00000
        0.56793        0.21425
        0.53384        0.08687
        0.55161        0.13781
        0.57496        0.27484
        0.57392        0.25612
        0.53882        0.09500
        0.57341        0.23964
        0.56764        0.19742
        0.56293        0.17189
        0.54357        0.10373
        0.57283        0.22296
        0.54716        0.11298
        0.55738        0.14590
        0.50569        0.01858
        0.50119        0.01029
        0.51056        0.02681
        0.51577        0.03595
        0.55154        0.12186
        0.57856        0.26489
        0.52040        0.04468
        0.56748        0.18051
        0.58000        0.30000
        0.56169        0.15483
        0.52501        0.05266
        0.57806        0.24839
        0.57314        0.20577
        0.53022        0.06117
        0.53485        0.06999
        0.57836        0.23101
        0.55710        0.12959
        0.49951        0.00000
        0.57209        0.18851
        0.53960        0.07885
        0.58309        0.29014
        0.56738        0.16296
        0.58338        0.28016
        0.57788        0.21435
        0.56155        0.13852
        0.58385        0.27033
        0.54467        0.08745
        0.54859        0.09653
        0.58408        0.25869
        0.57187        0.17181
        0.55540        0.11267
        0.55318        0.10509
        0.57761        0.19683
        0.51564        0.01915
        0.56701        0.14647
        0.51105        0.01030
        0.52029        0.02724
        0.52499        0.03585
        0.58506        0.23976
        0.58325        0.22277
        0.53020        0.04433
        0.53495        0.05308
        0.56135        0.12067
        0.57166        0.15530
        0.57741        0.18006
        0.58231        0.20560
        0.59000        0.30000
        0.54006        0.06150
        0.54469        0.07033
        0.50956        0.00000
        0.59145        0.28598
        0.58976        0.24892
        0.56705        0.12885
        0.54952        0.07873
        0.58207        0.18885
        0.59222        0.27561
        0.57708        0.16335
        0.59276        0.26603
        0.55448        0.08739
        0.57142        0.13759
        0.59339        0.25663
        0.59111        0.23059
        0.55921        0.09570
        0.52032        0.01036
        0.58929        0.21308
        0.58185        0.17212
        0.52547        0.01888
        0.53024        0.02740
        0.58741        0.19706
        0.53498        0.03556
        0.56396        0.10449
        0.56686        0.11223
        0.57697        0.14588
        0.54018        0.04457
        0.54495        0.05332
        0.58719        0.18032
        0.54994        0.06185
        0.58155        0.15449
        0.59230        0.20576
        0.57244        0.12045
        0.51961        0.00000
        0.60000        0.30000
        0.60000        0.29000
        0.60000        0.28000
        0.55475        0.07031
        0.60000        0.27000
        0.60000        0.26000
        0.55944        0.07873
        0.57698        0.12934
        0.60000        0.25000
        0.59205        0.18904
        0.58704        0.16283
        0.60000        0.24000
        0.56453        0.08728
        0.60000        0.23000
        0.58214        0.13734
        0.53047        0.01023
        0.56917        0.09597
        0.53541        0.01891
        0.54022        0.02766
        0.54481        0.03640
        0.60000        0.22000
        0.59178        0.17149
        0.55003        0.04476
        0.57427        0.10456
        0.60000        0.21000
        0.57678        0.11174
        0.55492        0.05322
        0.60000        0.20000
        0.58129        0.12036
        0.55996        0.06182
        0.52966        0.00000
        0.59152        0.15497
        0.58919        0.14568
        0.56471        0.07044
        0.60000        0.19000
        0.56925        0.07851
        0.58684        0.12864
        0.60000        0.18000
        0.57393        0.08734
        0.54483        0.01958
        0.54073        0.01060
        0.55019        0.02800
        0.60000        0.17000
        0.57913        0.09584
        0.59211        0.13710
        0.55477        0.03599
        0.55934        0.04487
        0.58381        0.10467
        0.60000        0.16000
        0.56478        0.05310
        0.58751        0.11184
        0.56934        0.06175
        0.53971        0.00000
        0.59126        0.11969
        0.60000        0.15000
        0.57467        0.07016
        0.57920        0.07886
        0.60000        0.14000
        0.55066        0.01149
        0.58434        0.08742
        0.55481        0.01919
        0.55999        0.02769
        0.56471        0.03645
        0.59192        0.10458
        0.60000        0.13000
        0.58987        0.09708
        0.56928        0.04420
        0.57386        0.05308
        0.54976        0.00000
        0.60000        0.12000
        0.57927        0.06142
        0.60000        0.11000
        0.58592        0.07012
        0.55994        0.01020
        0.56479        0.01893
        0.59123        0.07942
        0.56997        0.02796
        0.57446        0.03593
        0.60000        0.10000
        0.57922        0.04465
        0.58367        0.05358
        0.55980        0.00000
        0.60000        0.09000
        0.59114        0.06087
        0.60000        0.08000
        0.56993        0.01039
        0.57464        0.01917
        0.57976        0.02769
        0.58439        0.03650
        0.58946        0.04495
        0.60000        0.07000
        0.56985        0.00000
        0.60000        0.06000
        0.57991        0.01069
        0.58593        0.01949
        0.60000        0.05000
        0.59146        0.02886
        0.57990        0.00000
        0.60000        0.04000
        0.58979        0.01055
        0.60000        0.03000
        0.58995        0.00000
        0.60000        0.02000
        0.60000        0.01000
        0.60000        0.00000
