   61   47   45   57
   64   52   47   61
   66   54   52   64
   70   60   54   66
   77   68   60   70
   82   75   68   77
   89   81   75   82
   97   90   81   89
  103   99   90   97
  111  107   99  103
  119  114  107  111
  128  121  114  119
  136  130  121  128
  144  139  130  136
  150  148  139  144
  159  156  148  150
  168  165  156  159
  177  174  165  168
  186  183  174  177
  194  191  183  186
  203  200  191  194
  212  209  200  203
  221  217  209  212
  225  224  217  221
   47   36   35   45
   52   39   36   47
   54   43   39   52
   60   50   43   54
   68   56   50   60
   75   65   56   68
   81   76   65   75
   90   84   76   81
   99   92   84   90
  107  100   92   99
  114  109  100  107
  121  118  109  114
  130  127  118  121
  139  135  127  130
  148  145  135  139
  156  153  145  148
  165  162  153  156
  174  169  162  165
  183  178  169  174
  191  187  178  183
  200  196  187  191
  209  205  196  200
  217  214  205  209
  224  223  214  217
   36   27   26   35
   39   29   27   36
   43   33   29   39
   50   41   33   43
   56   48   41   50
   65   55   48   56
   76   69   55   65
   84   78   69   76
   92   87   78   84
  100   95   87   92
  109  105   95  100
  118  112  105  109
  127  122  112  118
  135  131  122  127
  145  140  131  135
  153  149  140  145
  162  158  149  153
  169  167  158  162
  178  176  167  169
  187  185  176  178
  196  195  185  187
  205  204  195  196
  214  213  204  205
  223  222  213  214
   27   18   17   26
   29   22   18   27
   33   23   22   29
   41   31   23   33
   48   40   31   41
   55   49   40   48
   69   59   49   55
   78   71   59   69
   87   80   71   78
   95   91   80   87
  105  101   91   95
  112  110  101  105
  122  120  110  112
  131  129  120  122
  140  138  129  131
  149  147  138  140
  158  157  147  149
  167  166  157  158
  176  175  166  167
  185  184  175  176
  195  193  184  185
  204  202  193  195
  213  211  202  204
  222  220  211  213
   18   12   11   17
   22   15   12   18
   23   20   15   22
   31   24   20   23
   40   32   24   31
   49   42   32   40
   59   53   42   49
   71   67   53   59
   80   79   67   71
   91   88   79   80
  101   98   88   91
  110  108   98  101
  120  117  108  110
  129  126  117  120
  138  137  126  129
  147  146  137  138
  157  155  146  147
  166  164  155  157
  175  173  164  166
  184  182  173  175
  193  192  182  184
  202  201  192  193
  211  210  201  202
  220  219  210  211
   12    7    6   11
   15    9    7   12
   20   14    9   15
   24   21   14   20
   32   30   21   24
   42   38   30   32
   53   51   38   42
   67   63   51   53
   79   74   63   67
   88   86   74   79
   98   96   86   88
  108  106   96   98
  117  116  106  108
  126  125  116  117
  137  134  125  126
  146  143  134  137
  155  154  143  146
  164  163  154  155
  173  172  163  164
  182  181  172  173
  192  190  181  182
  201  199  190  192
  210  208  199  201
  219  218  208  210
    7    4    3    6
    9    8    4    7
   14   13    8    9
   21   19   13   14
   30   28   19   21
   38   37   28   30
   51   46   37   38
   63   62   46   51
   74   73   62   63
   86   85   73   74
   96   94   85   86
  106  104   94   96
  116  115  104  106
  125  124  115  116
  134  133  124  125
  143  142  133  134
  154  152  142  143
  163  161  152  154
  172  171  161  163
  181  180  171  172
  190  189  180  181
  199  198  189  190
  208  207  198  199
  218  216  207  208
    4    2    1    3
    8    5    2    4
   13   10    5    8
   19   16   10   13
   28   25   16   19
   37   34   25   28
   46   44   34   37
   62   58   44   46
   73   72   58   62
   85   83   72   73
   94   93   83   85
  104  102   93   94
  115  113  102  104
  124  123  113  115
  133  132  123  124
  142  141  132  133
  152  151  141  142
  161  160  151  152
  171  170  160  161
  180  179  170  171
  189  188  179  180
  198  197  188  189
  207  206  197  198
  216  215  206  207
