      101       104        93
      118       129       115
      156       166       157
      205       212       216
      111       114        97
      139       146       136
      175       190       183
      104       111        89
      129       139       125
      166       175       171
      212       225       232
      114       118       105
      146       156       148
      190       205       195
      232       237       216
      237       245       226
      245       250       230
      115       129       125
      115       125       109
      136       146       148
      136       148       135
      171       175       183
      171       183       174
      216       212       232
       89       111        97
       89        97        80
      148       156       157
      148       157       149
      157       166       171
      157       171       161
      183       190       195
      183       195       192
      105       118       115
      105       115        96
       97       114       105
       97       105        86
      125       139       136
      125       136       120
      195       205       216
      195       216       209
      104        89        93
      250       260       242
       78        93        89
      260       269       249
      269       276       256
      226       245       230
      226       230       209
      237       226       216
      276       285       266
       66        78        72
      230       250       242
      230       242       215
      285       294       275
      242       260       249
      242       249       215
      294       305       286
      249       269       256
      249       256       231
      226       209       216
      305       316       295
       53        66        60
      256       276       266
      256       266       231
      316       328       309
      266       285       275
      266       275       251
      328       338       320
       72        78        89
       66        72        60
       60        72        69
      275       294       286
      275       286       265
      109       125       120
      109       120       102
      149       157       161
      149       161       151
       86       105        96
       86        96        79
      174       183       192
      174       192       184
      192       195       209
      192       209       215
      135       148       149
      135       149       138
      161       171       174
      161       174       169
      120       136       135
      120       135       119
       80        97        86
       80        86        69
       80        69        72
       80        72        89
       96       115       109
       96       109        91
       41        53        48
      338       353       335
      230       215       209
      286       305       295
      286       295       277
      249       231       215
      102       120       119
      102       119       103
       79        96        91
       79        91        75
      138       149       151
      138       151       140
      119       135       138
      119       138       123
      151       161       169
      151       169       158
      184       192       215
      169       174       184
      169       184       177
       91       109       102
       91       102        87
       86        79        69
      353       366       348
      251       275       265
      251       265       243
      266       251       231
      243       265       259
      251       243       227
       60        69        54
      265       286       277
      265       277       259
      259       277       283
      295       316       309
      295       309       283
       53        60        48
       48        60        54
       48        54        42
      283       277       295
      259       283       253
       75        91        87
       75        87        73
      123       138       140
      123       140       132
      177       184       203
      103       119       123
      103       123       110
      140       151       158
      140       158       150
      158       169       177
      158       177       172
       87       102       103
       87       103        88
       79        75        63
      309       328       320
      309       320       304
      366       380       361
      320       338       335
      320       335       315
      304       320       315
      304       315       296
      309       304       283
      315       335       332
      296       315       313
      304       296       283
       30        41        36
       41        48        36
       36        48        42
       36        42        31
       31        42        39
       36        31        25
       73        87        88
      110       123       132
      172       177       191
      132       140       150
      150       158       172
       88       103       110
       75        73        59
      335       353       348
      335       348       332
      332       348       345
       42        54        49
      345       348       361
      345       361       360
      361       348       366
      360       361       376
      345       360       343
      332       345       330
      380       395       376
      376       395       384
      380       376       361
      384       395       412
      376       384       360
      442       457       439
      505       519       504
      546       549       548
      412       426       407
      473       490       470
      533       541       534
      457       473       455
      519       533       521
      426       442       424
      490       505       488
      541       546       542
      243       259       235
      227       243       214
      251       227       231
       54        69        63
       54        63        49
       49        63        59
       49        59        46
      253       283       274
      203       184       215
       63        75        59
       46        59        55
      259       253       235
      177       203       191
       79        63        69
       49        46        39
       39        46        34
       49        39        42
       34        46        45
       39        29        31
       45        46        55
       45        55        56
       56        55        68
       45        56        44
       34        45        33
       25        31        22
       36        25        30
       30        25        20
       20        25        22
      343       360       363
      345       343       330
      330       343       325
      325       343       342
      330       325       311
       68        55        73
       56        68        70
       44        56        57
       45        44        33
       33        44        35
       35        44        47
       33        35        23
      313       315       332
      313       332       330
      313       330       311
      313       311       293
      296       313       293
      296       293       274
      296       274       283
       35        47        38
       33        23        24
       47        44        57
       47        57        61
       61        57        71
       47        61        50
       23        35        27
      172       191       187
       59        73        55
      293       311       290
       61        71        77
       47        50        38
       38        50        43
       43        50        58
       38        43        32
       71        57        70
       50        61        65
       58        50        65
       58        65        74
       74        65        82
       58        74        64
       43        58        51
       32        43        40
       38        32        27
       27        32        21
      439       457       455
      439       455       436
      534       541       542
      534       542       535
      488       505       504
      488       504       489
       34        33        24
       34        24        29
       29        24        18
       34        29        39
       31        29        22
       22        29        18
       22        18        14
       14        18        12
       22        14        20
       12        18        17
       14        12         8
       18        24        17
       17        24        23
       17        23        19
       19        23        27
       17        19        13
       19        27        21
       13        19        15
       17        13        12
       12        13         7
        7        13         9
       12         7         8
        8         7         3
        9        13        15
        9        15        10
        7         9         4
      439       436       419
      488       489       469
      534       535       522
      407       426       424
      407       424       405
      405       424       419
      405       419       403
      419       424       439
      403       419       420
      405       403       386
      439       424       442
      407       405       385
      521       533       534
      521       534       522
      521       522       507
      507       522       508
      521       507       504
      504       507       489
      489       507       492
      521       504       519
      492       507       508
      492       508       493
      489       492       472
      493       508       511
      492       493       475
       82        65        77
       82        77        95
       74        82        92
      455       473       470
      455       470       453
      453       470       469
      453       469       454
      469       470       488
      454       469       472
      453       454       435
      488       470       490
      454       472       456
      456       472       475
      456       475       459
      475       472       492
      459       475       477
      456       459       440
      454       456       438
      455       453       436
      436       453       435
      436       435       420
      420       435       418
      436       420       419
      418       435       438
      420       418       402
      418       438       422
      438       435       454
      422       438       440
      422       440       425
      418       422       404
      542       546       548
      325       342       324
      214       243       235
       58        64        51
       51        64        62
       62        64        76
       51        62        52
       52        62        67
       67        62        76
       14         8        11
      342       343       363
      342       363       365
      365       363       385
      342       365       350
      412       407       384
       64        74        81
      311       325       308
      535       542       543
      227       214       211
       71        70        85
      511       508       525
      475       493       477
      477       493       496
      496       493       511
      477       496       480
      496       511       513
      513       511       527
      496       513       498
      472       469       489
      480       496       498
      477       480       461
      253       274       252
       76        64        81
       76        81        94
       94        81        98
       76        94        83
       98        81        92
       98        92       113
       94        98       116
      456       440       438
      422       425       406
        4         9         5
        4         5         2
        4         2         3
      459       477       461
      459       461       444
      444       461       445
      459       444       440
      440       444       425
      425       444       428
      445       461       463
      444       445       428
      428       445       431
      420       402       403
      403       402       387
      387       402       389
      403       387       386
      386       387       370
      370       387       369
      386       370       365
      365       370       350
      389       402       404
      389       404       390
      390       404       406
      389       390       372
      390       406       393
      393       406       410
      390       393       374
      387       389       369
      369       389       372
      369       372       351
      351       372       355
      369       351       350
      402       418       404
        7         4         3
      425       428       410
      425       410       406
      355       372       374
      355       374       356
      356       374       375
      355       356       337
      375       374       393
      375       393       394
      394       393       410
      394       410       413
      375       394       378
      413       410       428
      394       413       397
      356       375       359
      337       356       340
       27        35        38
       95        77        90
       56        70        57
      370       369       350
      372       390       374
       70        68        84
      351       355       336
      355       337       336
      336       337       319
      319       337       322
      336       319       318
       21        32        26
       82        95        99
       15        19        21
      405       386       385
      385       386       365
      342       350       324
      324       350       327
      327       350       351
      324       327       302
      187       191       214
      508       522       525
      525       522       535
      525       535       539
      539       535       543
      525       539       527
      527       539       537
      537       539       545
      527       537       529
      525       527       511
      529       537       544
      527       529       513
      513       529       514
      514       529       531
      513       514       498
      498       514       500
      500       514       516
      498       500       482
      531       529       544
      514       531       516
      516       531       538
      500       516       506
      482       500       486
      498       482       480
      480       482       463
      463       482       467
      480       463       461
      467       482       486
      463       467       449
      467       486       471
      449       467       451
      463       449       445
      445       449       431
      431       449       433
      433       449       451
      433       451       441
      431       433       416
      441       451       460
      433       441       421
      460       451       471
      460       471       479
      479       471       494
      460       479       464
      441       460       446
      421       441       427
      433       421       416
      416       421       400
      400       421       409
      416       400       397
      494       471       486
      494       486       506
      494       506       512
      512       506       524
      494       512       497
      479       494       497
      479       497       483
      483       497       509
      479       483       464
      464       483       468
      468       483       491
      464       468       450
      509       497       515
      483       509       491
      491       509       510
      460       464       446
      446       464       450
      446       450       432
      432       450       437
      446       432       427
      427       432       414
      414       432       417
      427       414       409
      409       414       396
      427       409       421
      396       414       399
      409       396       392
      437       450       458
      432       437       417
      417       437       429
      429       437       447
      417       429       408
      447       437       458
      447       458       466
      466       458       478
      447       466       452
      429       447       434
      408       429       415
      417       408       399
      399       408       391
      391       408       398
      399       391       381
      414       417       399
      466       478       485
      447       452       434
      434       452       448
      448       452       465
      434       448       430
      478       458       468
      478       468       491
      478       491       499
      468       458       450
      499       491       510
      478       499       485
      485       499       503
      503       499       526
      485       503       495
      495       503       520
      485       495       474
      452       466       474
      474       466       485
      452       474       465
      465       474       484
      448       465       462
      430       448       443
      434       430       415
      415       430       411
      467       471       451
      400       409       392
      400       392       383
      383       392       371
      400       383       397
      397       383       378
      378       383       364
      371       392       377
      383       371       364
      364       371       352
      352       371       357
      364       352       347
      357       371       377
      357       377       367
      367       377       381
      367       381       373
      381       377       396
      396       377       392
      373       381       391
      373       391       379
      367       373       354
      357       367       346
      379       391       398
      373       379       358
      379       398       388
      354       373       358
      367       354       346
      346       354       333
      333       354       339
      346       333       329
      339       354       358
      339       358       349
      349       358       368
      339       349       331
      333       339       321
      329       333       314
      346       329       341
      352       357       341
      352       341       334
      341       357       346
      334       341       317
      352       334       347
      364       347       359
      379       388       368
      379       368       358
      368       388       382
      388       398       411
      388       411       401
      411       398       415
      415       398       408
      378       364       359
      378       359       375
      331       349       344
      349       368       362
      339       331       321
      321       331       310
      310       331       323
      321       310       298
      298       310       289
      321       298       314
      396       399       381
      431       416       413
      411       430       423
      524       506       516
      497       512       515
      515       512       532
      314       298       292
      512       524       532
      474       495       484
      484       495       502
      502       495       520
      484       502       487
      487       502       501
      484       487       476
      476       487       481
      481       487       501
      476       481       462
      501       502       518
      476       462       465
      476       465       484
      415       429       434
      510       509       528
      314       333       321
      509       515       530
      329       314       307
      319       322       303
      298       289       278
       43        51        40
      311       308       290
       77        71        90
      302       327       299
      318       327       336
      324       302       308
      427       441       446
       92        82        99
       92        99       113
      113        99       124
      124        99       117
      113       124       134
       32        40        26
       26        40        37
       65        61        77
      404       422       406
      378       394       397
      172       187       164
      407       385       384
      318       319       300
      543       542       548
      325       324       308
       98       113       122
      293       290       272
       74        92        81
      289       310       301
      322       337       340
      322       340       326
      326       340       347
      322       326       306
      306       326       312
      322       306       303
      303       306       288
      288       306       291
      303       288       284
      291       306       312
      291       312       297
      297       312       317
      291       297       273
      288       291       270
      284       288       267
      303       284       300
      300       284       282
       85        70        84
      428       431       413
      278       289       268
      116        98       122
      116       122       137
      137       122       143
      116       137       130
      143       122       134
      137       143       155
      130       137       152
      116       130       108
      155       143       167
      137       155       152
       84        68        88
      293       272       274
      108       130       127
      397       413       416
       21        26        16
      318       300       299
      340       356       359
      307       314       292
      282       284       263
      360       384       363
      384       385       363
      500       506       486
      134       124       144
      292       298       278
      292       278       271
      271       278       254
      292       271       287
      254       278       268
      254       268       244
      244       268       257
      254       244       228
      271       254       247
      292       287       307
      254       228       247
      247       228       223
      223       228       206
      247       223       240
      206       228       220
      223       206       200
      240       223       213
      287       271       264
      228       244       220
      220       244       233
      247       240       264
      264       240       255
      255       240       234
      264       255       273
      273       255       270
      264       273       287
      270       255       248
      248       255       234
      248       234       224
      270       248       267
      224       234       208
      248       224       246
      208       234       213
      208       213       193
      213       234       240
      193       213       200
      193       200       178
      208       193       189
      178       200       188
      193       178       167
      167       178       155
      224       208       204
      246       224       222
      248       246       267
      267       246       263
      263       246       239
      189       193       167
      208       189       204
      204       189       182
      182       189       168
      204       182       199
      188       200       206
      188       206       194
      194       206       220
      194       220       207
      188       194       173
      178       188       170
      273       270       291
      267       263       284
      168       189       167
      182       168       162
      199       182       176
      204       199       222
      173       194       186
      188       173       170
      170       173       152
      239       246       222
      239       222       219
      219       222       199
      239       219       238
      238       219       218
      239       238       262
      263       239       262
      263       262       282
      282       262       280
      280       262       258
      282       280       299
      224       204       222
      178       170       155
      155       170       152
      162       153       144
      162       144       154
      154       144       133
      162       154       176
      133       144       124
      133       124       117
      133       117       131
      131       117       112
      133       131       154
      112       117        95
       95       117        99
      131       112       128
      182       162       176
      199       176       196
      131       128       145
      128       112       107
      218       219       196
      196       219       199
      262       238       258
      258       238       236
      236       238       218
      236       218       217
      258       236       261
      217       218       197
      236       217       241
      261       236       241
      261       241       272
      258       261       279
      197       218       196
      217       197       198
      241       217       221
      280       258       279
      280       279       302
      217       198       221
      241       221       252
      279       261       290
      198       197       180
      271       247       264
      213       223       200
      196       176       179
      145       128       142
      128       107       126
      131       145       154
      180       197       179
      107       112        90
       90       112        95
      198       180       181
      172       164       150
      273       297       287
      287       297       307
      252       274       272
      130       152       147
      317       312       334
       71        85        90
       90        85       107
      300       319       303
      164       187       185
      297       317       307
      307       317       329
      116       108        94
       94       108        83
      122       113       134
      312       326       334
      300       282       299
      351       336       327
      253       252       229
      272       290       261
      267       288       270
      268       289       281
      229       252       221
      147       152       165
      152       173       165
      532       530       515
      344       323       331
       28        16        26
       28        26        37
      164       185       159
      159       185       181
      164       159       141
      141       159       142
      164       141       150
      544       540       531
      531       540       538
      423       401       411
       83        67        76
      128       126       142
      523       520       503
      523       503       526
      257       233       244
        2         1         3
      547       545       539
      462       443       448
      127       100       108
      108       100        83
      145       142       160
      160       142       159
      145       160       163
      163       160       180
      163       180       179
      163       179       154
      145       163       154
      528       526       510
      301       281       289
       10         5         9
      538       536       524
      524       536       532
      382       362       368
       52        40        51
      198       181       202
      202       181       185
      198       202       221
      518       517       501
      207       186       194
      167       143       153
      153       143       134
      153       134       144
      167       153       168
      168       153       162
      548       547       543
      147       127       130
      318       299       327
      302       299       280
      530       528       509
      323       301       310
       16        10        15
      253       229       235
      401       382       388
      181       180       160
      520       518       502
      233       207       220
      545       544       537
      443       423       430
      126       107       106
      106       107        85
      126       106       121
      121       106       110
      126       121       141
      141       121       132
      281       257       268
      179       176       154
      362       344       349
      185       187       201
      201       187       214
      201       214       210
      185       210       202
      186       165       173
      196       179       197
      347       334       326
      142       126       141
       73        88        68
      132       150       141
       88       110        84
      110       132       121
      290       308       279
      317       341       329
      308       302       279
      539       543       547
      359       347       340
      181       160       159
       15        21        16
      499       510       526
       40        52        37
      524       516       538
        6        11         8
        6         8         3
       11        20        14
      191       203       211
      211       203       231
      211       231       227
      211       214       191
      221       202       229
       85        84       106
      235       229       210
      210       229       202
      235       210       214
      201       210       185
      203       215       231
      106        84       110
      252       272       241
