  240  219  216  236
  242  221  219  240
  249  226  221  242
  256  232  226  249
  263  245  232  256
  276  257  245  263
  286  269  257  276
  299  283  269  286
  311  296  283  299
  327  310  296  311
  339  329  310  327
  357  341  329  339
  371  359  341  357
  386  377  359  371
  406  394  377  386
  418  411  394  406
  427  422  411  418
  434  430  422  427
  438  436  430  434
  441  440  436  438
  219  195  192  216
  221  200  195  219
  226  203  200  221
  232  213  203  226
  245  225  213  232
  257  235  225  245
  269  252  235  257
  283  265  252  269
  296  281  265  283
  310  298  281  296
  329  314  298  310
  341  331  314  329
  359  348  331  341
  377  364  348  359
  394  383  364  377
  411  402  383  394
  422  415  402  411
  430  425  415  422
  436  433  425  430
  440  439  433  436
  195  174  173  192
  200  179  174  195
  203  186  179  200
  213  191  186  203
  225  202  191  213
  235  218  202  225
  252  229  218  235
  265  250  229  252
  281  264  250  265
  298  284  264  281
  314  301  284  298
  331  317  301  314
  348  336  317  331
  364  354  336  348
  383  374  354  364
  402  389  374  383
  415  408  389  402
  425  421  408  415
  433  431  421  425
  439  437  431  433
  174  158  156  173
  179  160  158  174
  186  166  160  179
  191  172  166  186
  202  185  172  191
  218  198  185  202
  229  212  198  218
  250  228  212  229
  264  251  228  250
  284  267  251  264
  301  288  267  284
  317  307  288  301
  336  324  307  317
  354  343  324  336
  374  362  343  354
  389  381  362  374
  408  401  381  389
  421  417  401  408
  431  428  417  421
  437  435  428  431
  158  138  137  156
  160  143  138  158
  166  146  143  160
  172  157  146  166
  185  168  157  172
  198  181  168  185
  212  193  181  198
  228  211  193  212
  251  230  211  228
  267  255  230  251
  288  275  255  267
  307  291  275  288
  324  313  291  307
  343  333  313  324
  362  352  333  343
  381  373  352  362
  401  390  373  381
  417  412  390  401
  428  424  412  417
  435  432  424  428
  138  121  120  137
  143  126  121  138
  146  132  126  143
  157  139  132  146
  168  150  139  157
  181  164  150  168
  193  178  164  181
  211  196  178  193
  230  217  196  211
  255  238  217  230
  275  260  238  255
  291  282  260  275
  313  304  282  291
  333  322  304  313
  352  342  322  333
  373  363  342  352
  390  385  363  373
  412  404  385  390
  424  419  404  412
  432  429  419  424
  121  106  104  120
  126  111  106  121
  132  115  111  126
  139  124  115  132
  150  134  124  139
  164  145  134  150
  178  163  145  164
  196  182  163  178
  217  201  182  196
  238  223  201  217
  260  247  223  238
  282  270  247  260
  304  290  270  282
  322  312  290  304
  342  335  312  322
  363  356  335  342
  385  376  356  363
  404  397  376  385
  419  414  397  404
  429  426  414  419
  106   91   90  104
  111   95   91  106
  115   99   95  111
  124  110   99  115
  134  119  110  124
  145  133  119  134
  163  147  133  145
  182  167  147  163
  201  187  167  182
  223  208  187  201
  247  231  208  223
  270  259  231  247
  290  280  259  270
  312  305  280  290
  335  325  305  312
  356  347  325  335
  376  366  347  356
  397  388  366  376
  414  410  388  397
  426  423  410  414
   91   78   76   90
   95   80   78   91
   99   88   80   95
  110   96   88   99
  119  107   96  110
  133  117  107  119
  147  136  117  133
  167  153  136  147
  187  171  153  167
  208  194  171  187
  231  220  194  208
  259  246  220  231
  280  273  246  259
  305  292  273  280
  325  316  292  305
  347  338  316  325
  366  361  338  347
  388  382  361  366
  410  405  382  388
  423  420  405  410
   78   67   64   76
   80   69   67   78
   88   75   69   80
   96   84   75   88
  107   94   84   96
  117  108   94  107
  136  122  108  117
  153  142  122  136
  171  161  142  153
  194  184  161  171
  220  207  184  194
  246  233  207  220
  273  261  233  246
  292  287  261  273
  316  309  287  292
  338  332  309  316
  361  355  332  338
  382  378  355  361
  405  399  378  382
  420  416  399  405
   67   56   52   64
   69   58   56   67
   75   62   58   69
   84   72   62   75
   94   83   72   84
  108   97   83   94
  122  113   97  108
  142  129  113  122
  161  148  129  142
  184  170  148  161
  207  197  170  184
  233  224  197  207
  261  254  224  233
  287  278  254  261
  309  303  278  287
  332  326  303  309
  355  350  326  332
  378  370  350  355
  399  393  370  378
  416  413  393  399
   56   43   42   52
   58   47   43   56
   62   54   47   58
   72   60   54   62
   83   73   60   72
   97   87   73   83
  113  100   87   97
  129  118  100  113
  148  141  118  129
  170  162  141  148
  197  189  162  170
  224  214  189  197
  254  243  214  224
  278  272  243  254
  303  294  272  278
  326  318  294  303
  350  340  318  326
  370  365  340  350
  393  387  365  370
  413  409  387  393
   43   35   33   42
   47   39   35   43
   54   45   39   47
   60   53   45   54
   73   65   53   60
   87   77   65   73
  100   93   77   87
  118  112   93  100
  141  131  112  118
  162  154  131  141
  189  177  154  162
  214  204  177  189
  243  234  204  214
  272  262  234  243
  294  289  262  272
  318  315  289  294
  340  337  315  318
  365  360  337  340
  387  384  360  365
  409  407  384  387
   35   28   26   33
   39   31   28   35
   45   37   31   39
   53   46   37   45
   65   57   46   53
   77   71   57   65
   93   86   71   77
  112  103   86   93
  131  123  103  112
  154  144  123  131
  177  169  144  154
  204  199  169  177
  234  227  199  204
  262  258  227  234
  289  285  258  262
  315  308  285  289
  337  334  308  315
  360  358  334  337
  384  380  358  360
  407  403  380  384
   28   20   19   26
   31   23   20   28
   37   30   23   31
   46   40   30   37
   57   50   40   46
   71   61   50   57
   86   79   61   71
  103   98   79   86
  123  116   98  103
  144  140  116  123
  169  165  140  144
  199  190  165  169
  227  222  190  199
  258  253  222  227
  285  279  253  258
  308  306  279  285
  334  330  306  308
  358  353  330  334
  380  379  353  358
  403  400  379  380
   20   14   12   19
   23   18   14   20
   30   25   18   23
   40   32   25   30
   50   44   32   40
   61   59   44   50
   79   74   59   61
   98   92   74   79
  116  114   92   98
  140  135  114  116
  165  159  135  140
  190  188  159  165
  222  215  188  190
  253  248  215  222
  279  277  248  253
  306  302  277  279
  330  328  302  306
  353  351  328  330
  379  375  351  353
  400  398  375  379
   14   10    8   12
   18   13   10   14
   25   21   13   18
   32   29   21   25
   44   41   29   32
   59   55   41   44
   74   70   55   59
   92   89   70   74
  114  109   89   92
  135  130  109  114
  159  155  130  135
  188  183  155  159
  215  210  183  188
  248  244  210  215
  277  274  244  248
  302  300  274  277
  328  323  300  302
  351  349  323  328
  375  372  349  351
  398  396  372  375
   10    6    5    8
   13   11    6   10
   21   17   11   13
   29   27   17   21
   41   38   27   29
   55   51   38   41
   70   68   51   55
   89   85   68   70
  109  105   85   89
  130  128  105  109
  155  152  128  130
  183  180  152  155
  210  209  180  183
  244  241  209  210
  274  271  241  244
  300  297  271  274
  323  321  297  300
  349  346  321  323
  372  369  346  349
  396  395  369  372
    6    4    2    5
   11    9    4    6
   17   16    9   11
   27   24   16   17
   38   36   24   27
   51   49   36   38
   68   66   49   51
   85   82   66   68
  105  102   82   85
  128  127  102  105
  152  151  127  128
  180  176  151  152
  209  206  176  180
  241  239  206  209
  271  268  239  241
  297  295  268  271
  321  320  295  297
  346  345  320  321
  369  368  345  346
  395  392  368  369
    4    3    1    2
    9    7    3    4
   16   15    7    9
   24   22   15   16
   36   34   22   24
   49   48   34   36
   66   63   48   49
   82   81   63   66
  102  101   81   82
  127  125  101  102
  151  149  125  127
  176  175  149  151
  206  205  175  176
  239  237  205  206
  268  266  237  239
  295  293  266  268
  320  319  293  295
  345  344  319  320
  368  367  344  345
  392  391  367  368
