 1908 1904 1887 1890
 1577 1576 1551 1552
 1582 1577 1552 1555
 1887 1869 1871 1890
 1584 1582 1555 1560
 1589 1584 1560 1564
 1592 1589 1564 1573
 1602 1592 1573 1580
 1608 1602 1580 1587
 1616 1608 1587 1595
 1626 1616 1595 1607
 1634 1626 1607 1621
 1646 1634 1621 1630
 1655 1646 1630 1643
 1664 1655 1643 1652
 1676 1664 1652 1662
 1688 1676 1662 1677
 1700 1688 1677 1690
 1711 1700 1690 1703
 1722 1711 1703 1716
 1738 1722 1716 1730
 1750 1738 1730 1741
 1766 1750 1741 1756
 1780 1766 1756 1772
 1792 1780 1772 1788
 1809 1792 1788 1806
 1825 1809 1806 1819
 1836 1825 1819 1838
 1853 1836 1838 1856
 1869 1853 1856 1871
 1551 1527 1528 1552
 1910 1908 1890 1891
 1527 1506 1507 1528
 1506 1476 1477 1507
 1915 1910 1891 1895
 1476 1448 1451 1477
 1448 1418 1420 1451
 1418 1396 1400 1420
 1918 1915 1895 1897
 1396 1368 1370 1400
 1368 1336 1335 1370
 1921 1918 1897 1899
 1336 1307 1304 1335
 1307 1277 1274 1304
 1277 1249 1245 1274
 1925 1921 1899 1901
 1249 1218 1215 1245
 1218 1190 1185 1215
 1929 1925 1901 1906
 1190 1160 1156 1185
 1160 1133 1129 1156
 1133 1101 1100 1129
 1933 1929 1906 1911
 1101 1070 1073 1100
 1070 1038 1043 1073
 1937 1933 1911 1917
 1038 1006 1009 1043
 1006  973  975 1009
  973  946  947  975
 1941 1937 1917 1923
  946  911  910  947
  911  877  876  910
 1946 1941 1923 1928
  877  840  839  876
  840  805  806  839
 1950 1946 1928 1935
  805  771  773  806
  771  728  729  773
  728  681  683  729
 1955 1950 1935 1940
  681  637  638  683
  637  598  599  638
 1987 1986 1982 1984
 1959 1955 1940 1945
 1986 1985 1980 1982
 1964 1959 1945 1952
 1985 1983 1977 1980
 1967 1964 1952 1956
 1983 1981 1974 1977
 1971 1967 1956 1961
 1981 1978 1970 1974
 1975 1971 1961 1966
 1978 1975 1966 1970
  598  560  562  599
  560  514  515  562
    1    2    4    3
  680  732  734  682
 1979 1984 1982 1976
    2    5    7    4
  635  680  682  636
 1972 1979 1976 1968
    5   10   12    7
  594  635  636  596
  734  736  688  682
 1962 1972 1968 1957
   10   16   18   12
  552  594  596  558
  736  741  692  688
 1949 1962 1957 1942
   16   25   27   18
  510  552  558  511
  741  744  697  692
 1931 1949 1942 1922
   25   35   34   27
  469  510  511  473
  744  751  706  697
 1907 1931 1922 1894
   35   48   47   34
  428  469  473  431
  751  763  713  706
 1880 1907 1894 1866
   48   60   59   47
  391  428  431  396
  763  769  724  713
 1851 1880 1866 1841
   60   75   74   59
  359  391  396  361
  769  781  737  724
 1828 1851 1841 1815
   75   92   91   74
  328  359  361  329
  781  791  748  737
 1802 1828 1815 1791
   92  111  110   91
  296  328  329  298
  791  802  766  748
 1779 1802 1791 1769
  111  131  129  110
  270  296  298  272
  802  817  779  766
 1754 1779 1769 1744
  131  151  150  129
  245  270  272  246
  817  831  796  779
 1727 1754 1744 1720
  151  171  172  150
  216  245  246  218
  831  845  807  796
 1705 1727 1720 1697
  171  192  193  172
  192  216  218  193
  845  858  828  807
 1684 1705 1697 1674
  858  879  842  828
 1661 1684 1674 1650
  879  893  861  842
 1635 1661 1650 1625
  893  919  882  861
 1609 1635 1625 1593
  919  936  903  882
 1575 1609 1593 1558
  936  958  926  903
 1544 1575 1558 1522
  958  977  949  926
 1508 1544 1522 1482
  977 1001  970  949
 1471 1508 1482 1444
 1001 1025  996  970
 1436 1471 1444 1411
 1025 1047 1021  996
 1403 1436 1411 1377
 1047 1072 1045 1021
 1364 1403 1377 1338
 1072 1094 1068 1045
 1328 1364 1338 1300
 1094 1119 1092 1068
 1295 1328 1300 1268
 1119 1145 1117 1092
 1264 1295 1268 1235
 1145 1174 1144 1117
 1232 1264 1235 1205
 1174 1204 1177 1144
 1204 1232 1205 1177
  514  474  475  515
    6    3    4    8
  474  434  436  475
   11    6    8   13
  434  397  399  436
   17   11   13   19
  397  362  365  399
   26   17   19   28
  362  330  332  365
   36   26   28   37
  330  300  301  332
   50   36   37   49
  300  273  274  301
   62   50   49   61
  273  248  250  274
   79   62   61   76
  248  221  223  250
   95   79   76   94
  221  195  196  223
  114   95   94  113
  195  174  175  196
  133  114  113  134
  174  154  155  175
  154  133  134  155
 1555 1552 1528 1534
 1528 1507 1511 1534
 1890 1871 1874 1891
 1871 1856 1859 1874
 1895 1891 1874 1878
 1856 1838 1842 1859
 1838 1819 1821 1842
 1819 1806 1804 1821
 1806 1788 1782 1804
 1788 1772 1764 1782
 1772 1756 1746 1764
 1756 1741 1732 1746
 1741 1730 1723 1732
 1730 1716 1712 1723
 1716 1703 1698 1712
 1703 1690 1682 1698
 1690 1677 1666 1682
 1677 1662 1651 1666
 1662 1652 1639 1651
 1652 1643 1628 1639
 1643 1630 1614 1628
 1630 1621 1601 1614
 1621 1607 1585 1601
 1607 1595 1568 1585
 1595 1587 1548 1568
 1587 1580 1557 1548
 1580 1573 1547 1557
 1560 1555 1534 1537
 1564 1560 1537 1543
 1573 1564 1543 1547
 1897 1895 1878 1873
 1507 1477 1479 1511
 1477 1451 1455 1479
 1451 1420 1432 1455
 1420 1400 1405 1432
 1400 1370 1373 1405
 1370 1335 1340 1373
 1335 1304 1305 1340
 1304 1274 1273 1305
 1274 1245 1240 1273
 1245 1215 1212 1240
 1215 1185 1182 1212
 1185 1156 1152 1182
 1156 1129 1127 1152
 1129 1100 1105 1127
 1899 1897 1873 1872
 1100 1073 1079 1105
  682  688  639  636
 1901 1899 1872 1877
 1906 1901 1877 1881
 1911 1906 1881 1884
 1917 1911 1884 1889
 1923 1917 1889 1896
 1928 1923 1896 1903
    4    7    9    8
 1073 1043 1048 1079
 1043 1009 1017 1048
 1009  975  981 1017
  975  947  948  981
  947  910  914  948
  910  876  880  914
  876  839  847  880
  839  806  811  847
 1976 1982 1980 1973
  596  636  639  601
  688  692  647  639
  806  773  778  811
    7   12   14    9
   12   18   21   14
   13    8    9   15
   18   27   29   21
  558  596  601  563
  511  558  563  519
  473  511  519  478
  431  473  478  440
  396  431  440  403
  361  396  403  368
  329  361  368  334
  298  329  334  304
 1968 1976 1973 1963
 1957 1968 1963 1951
 1942 1957 1951 1934
 1922 1942 1934 1912
 1894 1922 1912 1883
 1866 1894 1883 1858
 1841 1866 1858 1832
 1815 1841 1832 1808
 1791 1815 1808 1783
 1769 1791 1783 1758
  773  729  735  778
  729  683  690  735
  683  638  643  690
  638  599  603  643
 1935 1928 1903 1913
  692  697  653  647
  272  298  304  276
   27   34   39   29
   34   47   51   39
   47   59   63   51
   59   74   78   63
   74   91   93   78
   91  110  112   93
  110  129  132  112
  129  150  152  132
  150  172  173  152
  172  193  194  173
  193  218  222  194
  218  246  249  222
  246  272  276  249
 1980 1977 1969 1973
   19   13   15   22
   28   19   22   30
   37   28   30   41
   49   37   41   52
   61   49   52   64
   76   61   64   81
   94   76   81   98
  113   94   98  117
  134  113  117  138
  155  134  138  157
  175  155  157  177
  196  175  177  201
  223  196  201  227
  250  223  227  252
  274  250  252  277
  301  274  277  305
  332  301  305  333
  365  332  333  367
  399  365  367  401
  436  399  401  439
  475  436  439  477
  515  475  477  521
  599  562  564  603
  562  515  521  564
  697  706  661  653
  706  713  670  661
  713  724  676  670
  724  737  691  676
  737  748  705  691
  748  766  722  705
  766  779  738  722
  779  796  756  738
  796  807  772  756
  807  828  792  772
  828  842  808  792
  842  861  830  808
  861  882  848  830
  882  903  867  848
  903  926  890  867
  926  949  916  890
  949  970  938  916
  970  996  967  938
  996 1021  994  967
 1021 1045 1016  994
 1045 1068 1039 1016
 1744 1769 1758 1737
 1068 1092 1065 1039
 1092 1117 1090 1065
 1117 1144 1118 1090
 1144 1177 1147 1118
 1177 1205 1179 1147
 1205 1235 1210 1179
 1235 1268 1243 1210
 1268 1300 1278 1243
 1300 1338 1313 1278
 1338 1377 1352 1313
 1977 1974 1965 1969
 1974 1970 1960 1965
 1970 1966 1954 1960
 1966 1961 1948 1954
 1961 1956 1943 1948
 1956 1952 1936 1943
 1952 1945 1927 1936
 1940 1935 1913 1920
 1945 1940 1920 1927
 1720 1744 1737 1710
 1697 1720 1710 1689
 1674 1697 1689 1663
 1650 1674 1663 1640
 1625 1650 1640 1611
 1593 1625 1611 1578
 1558 1593 1578 1542
 1522 1558 1542 1503
 1482 1522 1503 1458
 1444 1482 1458 1421
 1377 1411 1387 1352
 1411 1444 1421 1387
 1878 1874 1859 1862
 1859 1842 1849 1862
 1878 1862 1849 1873
 1537 1534 1511 1513
 1511 1479 1489 1513
 1479 1455 1470 1489
 1455 1432 1440 1470
 1432 1405 1413 1440
 1405 1373 1379 1413
 1373 1340 1344 1379
 1340 1305 1311 1344
 1305 1273 1276 1311
 1273 1240 1241 1276
 1240 1212 1208 1241
 1842 1821 1824 1849
 1821 1804 1800 1824
 1804 1782 1777 1800
 1782 1764 1755 1777
 1764 1746 1735 1755
 1746 1732 1715 1735
 1732 1723 1712 1715
 1212 1182 1173 1208
 1872 1873 1849 1846
 1182 1152 1142 1173
 1152 1127 1132 1142
 1127 1105 1112 1132
 1877 1872 1846 1848
 1881 1877 1848 1852
 1105 1079 1087 1112
 1884 1881 1852 1855
 1889 1884 1855 1861
 1896 1889 1861 1867
 1903 1896 1867 1876
 1913 1903 1876 1885
    9   14   20   15
   14   21   23   20
 1973 1969 1958 1963
   22   15   20   24
 1079 1048 1057 1087
 1048 1017 1024 1057
 1017  981  987 1024
  981  948  951  987
  948  914  915  951
  914  880  883  915
  880  847  853  883
  847  811  822  853
  811  778  785  822
   30   22   24   33
   21   29   32   23
  639  647  605  601
   41   30   33   43
  647  653  612  605
   52   41   43   54
   64   52   54   69
 1920 1913 1885 1892
  778  735  743  785
  735  690  696  743
  690  643  650  696
  643  603  606  650
   81   64   69   83
   98   81   83  100
   29   39   42   32
  563  601  605  568
  519  563  568  527
  478  519  527  484
 1969 1965 1953 1958
  653  661  618  612
  117   98  100  120
 1421 1458 1434 1402
 1927 1920 1892 1902
 1936 1927 1902 1914
 1943 1936 1914 1924
 1948 1943 1924 1932
 1954 1948 1932 1939
 1965 1960 1947 1953
 1960 1954 1939 1947
  603  564  567  606
  564  521  525  567
  521  477  481  525
  477  439  442  481
  439  401  405  442
  401  367  369  405
  367  333  339  369
  333  305  306  339
  305  277  280  306
  277  252  254  280
  252  227  229  254
  227  201  205  229
   39   51   53   42
   51   63   68   53
  440  478  484  447
  661  670  626  618
  670  676  633  626
  676  691  646  633
  691  705  662  646
  705  722  673  662
  722  738  693  673
  738  756  711  693
  756  772  730  711
  772  792  752  730
  792  808  774  752
  201  177  182  205
  808  830  794  774
  830  848  814  794
  848  867  834  814
  867  890  856  834
  890  916  884  856
  916  938  907  884
  938  967  934  907
  967  994  962  934
  994 1016  990  962
 1016 1039 1012  990
 1039 1065 1036 1012
 1065 1090 1064 1036
 1090 1118 1091 1064
 1118 1147 1121 1091
 1147 1179 1153 1121
 1179 1210 1186 1153
 1210 1243 1222 1186
 1243 1278 1255 1222
 1278 1313 1292 1255
 1313 1352 1332 1292
 1352 1387 1371 1332
 1387 1421 1402 1371
  177  157  159  182
  138  117  120  140
  157  138  140  159
 1458 1503 1475 1434
  403  440  447  408
   63   78   82   68
  368  403  408  373
  334  368  373  340
  304  334  340  310
  276  304  310  278
  249  276  278  253
  222  249  253  226
  194  222  226  199
  173  194  199  176
  152  173  176  156
  132  152  156  137
  112  132  137  118
   78   93   99   82
   93  112  118   99
 1503 1542 1517 1475
 1951 1963 1958 1944
 1934 1951 1944 1926
 1912 1934 1926 1900
 1883 1912 1900 1870
 1858 1883 1870 1844
 1832 1858 1844 1818
 1808 1832 1818 1797
 1783 1808 1797 1773
 1758 1783 1773 1748
 1737 1758 1748 1724
 1710 1737 1724 1702
 1689 1710 1702 1679
 1663 1689 1679 1654
 1640 1663 1654 1627
 1611 1640 1627 1600
 1542 1578 1559 1517
 1578 1611 1600 1559
 1712 1698 1693 1715
 1698 1682 1673 1693
 1682 1666 1653 1673
 1666 1651 1636 1653
 1651 1639 1622 1636
 1639 1628 1619 1622
 1628 1614 1605 1619
 1614 1601 1581 1605
 1601 1585 1553 1581
 1585 1568 1539 1553
 1568 1548 1518 1539
 1548 1557 1547 1516
 1547 1543 1515 1516
 1543 1537 1513 1515
 1513 1489 1496 1515
 1489 1470 1483 1496
 1470 1440 1460 1483
 1440 1413 1433 1460
 1413 1379 1386 1433
 1379 1344 1348 1386
 1548 1516 1488 1518
 1344 1311 1314 1348
 1311 1276 1281 1314
 1276 1241 1248 1281
 1241 1208 1209 1248
 1208 1173 1164 1209
 1173 1142 1136 1164
 1142 1132 1112 1136
 1112 1087 1102 1136
 1087 1057 1069 1102
 1057 1024 1029 1069
 1024  987  991 1029
 1516 1515 1496 1483
   20   23   31   24
   23   32   38   31
   32   42   45   38
   42   53   57   45
   53   68   70   57
   68   82   85   70
  568  605  612  571
  527  568  571  533
  484  527  533  492
  447  484  492  454
  612  618  578  571
 1944 1958 1953 1938
 1953 1947 1930 1938
 1947 1939 1919 1930
 1926 1944 1938 1916
 1900 1926 1916 1888
 1870 1900 1888 1863
 1844 1870 1863 1835
 1818 1844 1835 1811
 1797 1818 1811 1787
 1773 1797 1787 1763
 1748 1773 1763 1740
 1724 1748 1740 1714
 1702 1724 1714 1692
 1679 1702 1692 1670
 1654 1679 1670 1645
   33   24   31   40
  987  951  945  991
  951  915  908  945
  915  883  886  908
  883  853  864  886
  853  822  836  864
  822  785  799  836
  785  743  754  799
  743  696  703  754
  696  650  656  703
  618  626  586  578
  626  633  593  586
  633  646  607  593
  646  662  619  607
  662  673  632  619
  673  693  652  632
  693  711  669  652
 1627 1654 1645 1615
   43   33   40   46
  650  606  610  656
   82   99  103   85
   54   43   46   58
   69   54   58   71
   83   69   71   88
  606  567  570  610
  100   83   88  104
  711  730  687  669
 1600 1627 1615 1586
   99  118  122  103
  118  137  139  122
  137  156  158  139
  156  176  180  158
  567  525  529  570
  176  199  203  180
  730  752  707  687
  408  447  454  414
  373  408  414  380
  340  373  380  345
  310  340  345  314
  278  310  314  286
  253  278  286  256
  226  253  256  230
  199  226  230  203
  120  100  104  123
 1559 1600 1586 1545
 1517 1559 1545 1492
 1475 1517 1492 1446
 1434 1475 1446 1397
  525  481  486  529
  481  442  446  486
  442  405  406  446
  405  369  372  406
  369  339  341  372
  339  306  311  341
  306  280  283  311
  280  254  257  283
  254  229  232  257
  229  205  208  232
  205  182  185  208
  182  159  162  185
  159  140  143  162
  140  120  123  143
 1402 1434 1397 1367
 1371 1402 1367 1351
 1332 1371 1351 1317
 1292 1332 1317 1275
 1255 1292 1275 1234
 1222 1255 1234 1198
 1186 1222 1198 1163
 1153 1186 1163 1131
 1939 1932 1909 1919
 1932 1924 1898 1909
 1924 1914 1886 1898
 1914 1902 1875 1886
 1902 1892 1864 1875
 1892 1885 1857 1864
 1885 1876 1845 1857
 1876 1867 1839 1845
 1867 1861 1833 1839
 1861 1855 1829 1833
 1855 1852 1826 1829
 1852 1848 1822 1826
 1846 1849 1824 1820
 1848 1846 1820 1822
 1824 1800 1796 1820
 1800 1777 1770 1796
 1777 1755 1743 1770
 1755 1735 1719 1743
  752  774  731  707
  774  794  757  731
  794  814  780  757
  814  834  800  780
  834  856  827  800
  856  884  850  827
  884  907  875  850
  907  934  904  875
  934  962  931  904
  962  990  959  931
  990 1012  985  959
 1012 1036 1010  985
 1036 1064 1037 1010
 1064 1091 1066 1037
 1121 1153 1131 1096
 1091 1121 1096 1066
 1735 1715 1708 1719
 1715 1693 1691 1708
 1693 1673 1665 1691
 1673 1653 1641 1665
 1653 1636 1618 1641
 1636 1622 1590 1618
 1622 1619 1605 1590
 1605 1581 1554 1590
 1581 1553 1521 1554
 1553 1539 1510 1521
 1539 1518 1495 1510
 1136 1102 1120 1164
 1510 1495 1461 1474
 1495 1518 1488 1461
 1516 1483 1460 1488
   31   38   44   40
   38   45   55   44
   45   57   66   55
   57   70   77   66
   70   85   89   77
 1822 1820 1796 1793
 1826 1822 1793 1794
 1796 1770 1765 1793
 1770 1743 1731 1765
 1743 1719 1696 1731
 1719 1708 1691 1696
 1829 1826 1794 1799
 1833 1829 1799 1805
 1839 1833 1805 1812
 1845 1839 1812 1817
 1857 1845 1817 1830
 1864 1857 1830 1837
 1875 1864 1837 1847
  571  578  539  533
   85  103  106   89
 1916 1938 1930 1905
 1888 1916 1905 1879
 1863 1888 1879 1850
 1930 1919 1893 1905
  492  533  539  497
  578  586  543  539
  586  593  559  543
  593  607  569  559
  607  619  580  569
  619  632  595  580
  632  652  613  595
  652  669  628  613
  454  492  497  459
  414  454  459  423
  669  687  645  628
  687  707  667  645
   46   40   44   56
   58   46   56   67
   71   58   67   80
   88   71   80   90
 1886 1875 1847 1860
 1898 1886 1860 1868
 1919 1909 1882 1893
 1909 1898 1868 1882
  103  122  126  106
 1835 1863 1850 1827
  104   88   90  109
  380  414  423  386
  122  139  144  126
 1811 1835 1827 1801
  707  731  689  667
  731  757  712  689
  757  780  742  712
  780  800  767  742
  139  158  163  144
  158  180  186  163
  180  203  209  186
  203  230  235  209
  230  256  264  235
  256  286  290  264
  286  314  320  290
  345  380  386  353
  314  345  353  320
  123  104  109  127
 1787 1811 1801 1778
 1763 1787 1778 1753
 1740 1763 1753 1728
 1714 1740 1728 1704
 1692 1714 1704 1683
 1670 1692 1683 1658
 1102 1069 1084 1120
 1069 1029 1042 1084
 1029  991  988 1042
  991  945  933  988
  945  908  891  933
  908  886  864  891
  891  864  836  862
  800  827  793  767
  827  850  818  793
  850  875  844  818
  875  904  872  844
  904  931  898  872
  931  959  929  898
  959  985  957  929
  985 1010  986  957
 1010 1037 1013  986
 1037 1066 1044 1013
 1066 1096 1075 1044
 1096 1131 1107 1075
 1645 1670 1658 1632
 1615 1645 1632 1606
 1586 1615 1606 1571
 1545 1586 1571 1529
 1492 1545 1529 1493
  143  123  127  146
  162  143  146  166
  185  162  166  188
  208  185  188  210
  232  208  210  234
  257  232  234  260
  283  257  260  287
  311  283  287  313
  341  311  313  344
  372  341  344  377
  406  372  377  410
  446  406  410  449
  486  446  449  490
  529  486  490  534
 1131 1163 1138 1107
 1163 1198 1171 1138
 1198 1234 1214 1171
  570  529  534  575
  610  570  575  620
  656  610  620  664
  703  656  664  709
  754  703  709  764
  799  754  764  819
  836  799  819  862
 1234 1275 1261 1214
 1275 1317 1318 1261
 1317 1351 1367 1318
 1318 1367 1397 1334
 1554 1521 1494 1526
 1521 1510 1474 1485
 1590 1554 1526 1563
 1618 1590 1563 1594
 1641 1618 1594 1624
 1665 1641 1624 1657
 1691 1665 1657 1696
 1348 1314 1320 1345
 1386 1348 1345 1365
 1320 1314 1281 1291
 1488 1460 1433 1461
 1281 1248 1256 1291
 1248 1209 1220 1256
 1397 1446 1430 1385
 1446 1492 1447 1430
 1433 1386 1417 1461
 1386 1365 1391 1417
 1345 1320 1339 1365
 1320 1291 1308 1339
 1291 1256 1272 1308
 1521 1485 1465 1494
 1879 1905 1893 1865
 1850 1879 1865 1840
 1827 1850 1840 1814
 1801 1827 1814 1789
 1778 1801 1789 1768
 1753 1778 1768 1742
 1728 1753 1742 1717
 1704 1728 1717 1695
   44   55   65   56
   55   66   72   65
   66   77   86   72
   77   89  101   86
   89  106  116  101
  497  539  543  508
  459  497  508  466
  423  459  466  429
  386  423  429  395
  543  559  516  508
  106  126  130  116
 1256 1220 1230 1272
 1220 1209 1164 1180
   67   56   65   73
 1794 1793 1765 1762
 1799 1794 1762 1767
 1805 1799 1767 1776
 1765 1731 1725 1762
 1812 1805 1776 1784
 1817 1812 1784 1790
 1830 1817 1790 1803
 1837 1830 1803 1813
 1847 1837 1813 1823
 1860 1847 1823 1834
 1868 1860 1834 1843
 1485 1474 1441 1465
 1474 1461 1417 1441
 1385 1430 1447 1415
 1397 1385 1337 1334
 1683 1704 1695 1671
  559  569  531  516
 1492 1493 1459 1447
 1493 1529 1519 1487
 1529 1571 1550 1519
   80   67   73   87
 1882 1868 1843 1854
 1893 1882 1854 1865
  126  144  148  130
  569  580  542  531
  580  595  561  542
  595  613  573  561
  613  628  590  573
  628  645  608  590
  645  667  627  608
  667  689  649  627
 1164 1120 1139 1180
 1120 1084 1103 1139
 1084 1042 1060 1103
  144  163  169  148
  163  186  190  169
  186  209  214  190
  353  386  395  360
 1042  988 1022 1060
  933  891  862  902
  988  933  902  950
 1658 1683 1671 1647
 1571 1606 1588 1550
 1632 1658 1647 1620
 1606 1632 1620 1588
  689  712  671  649
  209  235  243  214
  235  264  271  243
   90   80   87  102
  320  353  360  331
  264  290  299  271
  290  320  331  299
  712  742  698  671
  742  767  726  698
  767  793  759  726
  793  818  786  759
  818  844  815  786
 1731 1696 1686 1725
 1696 1657 1638 1686
  844  872  841  815
  872  898  869  841
  898  929  897  869
  929  957  930  897
  957  986  960  930
 1318 1334 1284 1261
  986 1013  992  960
 1013 1044 1020  992
 1044 1075 1050 1020
 1075 1107 1080 1050
 1107 1138 1114 1080
  109   90  102  119
  127  109  119  135
  146  127  135  153
  166  146  153  170
  188  166  170  191
  210  188  191  213
  234  210  213  237
  260  234  237  265
  287  260  265  289
  313  287  289  315
  344  313  315  346
  377  344  346  379
  410  377  379  412
  449  410  412  455
  490  449  455  494
  534  490  494  540
  575  534  540  585
  620  575  585  629
  664  620  629  672
  709  664  672  714
  862  819  866  902
  764  709  714  760
  819  764  760  803
 1171 1214 1189 1149
 1138 1171 1149 1114
 1214 1261 1226 1189
 1563 1526 1500 1531
 1594 1563 1531 1566
 1526 1494 1469 1500
 1624 1594 1566 1603
 1459 1493 1487 1468
 1447 1459 1437 1415
 1365 1339 1360 1391
 1417 1391 1414 1441
 1465 1441 1414 1439
 1494 1465 1439 1469
 1230 1220 1180 1193
 1272 1230 1238 1262
 1339 1308 1330 1360
 1308 1272 1299 1330
   65   72   84   73
   87   73   84   97
   72   86   96   84
   86  101  108   96
  508  516  479  466
  102   87   97  107
 1624 1603 1638 1657
 1840 1865 1854 1831
  988  950  982 1022
  516  531  493  479
  429  466  479  444
  395  429  444  407
  360  395  407  375
  531  542  504  493
  542  561  524  504
  561  573  538  524
  573  590  553  538
 1814 1840 1831 1807
 1789 1814 1807 1781
 1768 1789 1781 1757
 1742 1768 1757 1733
 1717 1742 1733 1706
 1695 1717 1706 1685
 1671 1695 1685 1660
 1647 1671 1660 1633
 1620 1647 1633 1604
 1588 1620 1604 1569
 1550 1588 1569 1535
 1854 1843 1816 1831
 1519 1550 1535 1504
 1487 1519 1504 1472
  101  116  125  108
 1180 1139 1158 1193
 1139 1103 1122 1158
 1103 1060 1085 1122
  116  130  141  125
 1261 1284 1251 1226
 1284 1334 1337 1298
  590  608  572  553
 1767 1762 1725 1726
 1776 1767 1726 1751
  608  627  589  572
  130  148  160  141
 1060 1022 1049 1085
  331  360  375  343
  119  102  107  124
 1843 1834 1810 1816
 1834 1823 1798 1810
 1823 1813 1786 1798
 1813 1803 1775 1786
 1803 1790 1761 1775
 1790 1784 1752 1761
 1784 1776 1751 1752
  627  649  609  589
  649  671  631  609
  671  698  658  631
  698  726  686  658
  726  759  719  686
  759  786  753  719
  786  815  783  753
  815  841  813  783
  841  869  838  813
  869  897  871  838
  897  930  901  871
  930  960  932  901
  960  992  966  932
  992 1020  997  966
  148  169  179  160
  169  190  202  179
  190  214  228  202
  214  243  255  228
  243  271  284  255
  299  331  343  312
  271  299  312  284
  135  119  124  142
  153  135  142  161
 1020 1050 1027  997
  170  153  161  178
  866  819  803  843
  191  170  178  197
  213  191  197  217
  237  213  217  242
  265  237  242  266
  289  265  266  291
  315  289  291  319
  346  315  319  350
  379  346  350  382
  412  379  382  418
  455  412  418  458
  494  455  458  499
  540  494  499  544
  585  540  544  600
  629  585  600  655
  672  629  655  694
  714  672  694  718
 1050 1080 1058 1027
  902  866  913  950
 1080 1114 1089 1058
 1114 1149 1126 1089
 1149 1189 1162 1126
 1189 1226 1192 1162
 1725 1686 1680 1726
 1531 1500 1466 1499
 1566 1531 1499 1530
 1500 1469 1438 1466
 1603 1566 1530 1565
 1337 1385 1362 1326
 1385 1415 1390 1362
 1468 1487 1472 1449
 1459 1468 1449 1437
 1192 1226 1251 1224
 1330 1299 1322 1353
 1360 1330 1353 1383
 1360 1383 1414 1391
 1299 1272 1262 1279
 1230 1193 1207 1238
 1831 1816 1795 1807
   84   96  105   97
   96  108  121  105
  108  125  136  121
  125  141  149  136
  107   97  105  115
 1193 1158 1178 1207
 1262 1238 1254 1279
  141  160  168  149
 1466 1438 1408 1435
 1438 1469 1439 1409
 1439 1414 1383 1409
 1499 1466 1435 1464
 1530 1499 1464 1497
  444  479  493  456
  407  444  456  420
  493  504  467  456
  504  524  488  467
  524  538  501  488
  538  553  518  501
  375  407  420  388
  553  572  536  518
  572  589  556  536
  343  375  388  355
  312  343  355  324
 1251 1284 1298 1269
 1816 1810 1785 1795
  160  179  189  168
 1390 1415 1437 1410
 1022  982 1011 1049
 1565 1530 1497 1532
  714  718  747  760
 1781 1807 1795 1771
  589  609  574  556
  609  631  597  574
  631  658  623  597
 1298 1337 1326 1303
  124  107  115  128
 1810 1798 1774 1785
 1757 1781 1771 1747
 1733 1757 1747 1721
 1706 1733 1721 1699
 1685 1706 1699 1675
 1660 1685 1675 1648
  142  124  128  147
  161  142  147  167
  178  161  167  187
  197  178  187  206
  217  197  206  225
  242  217  225  247
  266  242  247  269
  291  266  269  293
  319  291  293  322
  350  319  322  352
  382  350  352  387
  418  382  387  425
 1158 1122 1140 1178
  458  418  425  463
  499  458  463  505
  544  499  505  545
  284  312  324  295
 1633 1660 1648 1617
  950  913  952  982
  913  866  843  881
  803  760  747  789
 1604 1633 1617 1583
 1569 1604 1583 1546
 1535 1569 1546 1512
 1504 1535 1512 1478
 1472 1504 1478 1450
  658  686  651  623
  686  719  678  651
  719  753  715  678
  753  783  750  715
  783  813  784  750
  179  202  211  189
  600  544  545  579
 1798 1786 1759 1774
  718  694  727  747
  694  655  700  727
 1122 1085 1108 1140
  813  838  816  784
 1085 1049 1076 1108
  202  228  236  211
  255  284  295  268
  228  255  268  236
 1786 1775 1745 1759
 1775 1761 1729 1745
 1761 1752 1709 1729
 1752 1751 1726 1709
 1726 1680 1669 1709
  838  871  846  816
  871  901  874  846
  901  932  906  874
  843  803  789  824
  932  966  939  906
  966  997  971  939
  997 1027 1004  971
 1027 1058 1034 1004
 1058 1089 1071 1034
 1089 1126 1106 1071
 1162 1192 1168 1137
 1126 1162 1137 1106
 1638 1603 1565 1598
 1686 1638 1642 1680
 1362 1390 1374 1343
 1326 1362 1343 1312
 1449 1472 1450 1428
 1449 1428 1410 1437
 1254 1238 1207 1227
 1192 1224 1195 1168
 1383 1353 1381 1409
 1409 1381 1408 1438
 1303 1326 1312 1286
 1322 1299 1279 1296
 1279 1254 1271 1296
 1269 1298 1303 1286
 1353 1322 1349 1381
 1795 1785 1760 1771
  105  121  128  115
 1251 1269 1242 1224
  121  136  145  128
  136  149  165  145
  149  168  184  165
  881  843  824  854
 1011  982  952  979
 1049 1011 1040 1076
 1207 1178 1197 1227
 1785 1774 1749 1760
 1565 1532 1567 1598
  168  189  204  184
  700  655  600  634
  747  727  776  789
 1642 1638 1598 1612
  420  456  467  433
  467  488  450  433
  488  501  464  450
  501  518  483  464
  518  536  500  483
  536  556  522  500
  556  574  541  522
  147  128  145  164
  574  597  566  541
  597  623  588  566
 1178 1140 1165 1197
 1140 1108 1134 1165
 1108 1076 1098 1134
  167  147  164  183
  388  420  433  402
 1774 1759 1736 1749
  623  651  616  588
 1747 1771 1760 1739
 1721 1747 1739 1713
 1699 1721 1713 1687
 1675 1699 1687 1668
 1648 1675 1668 1637
 1617 1648 1637 1596
 1583 1617 1596 1556
 1546 1583 1556 1520
 1512 1546 1520 1484
 1478 1512 1484 1452
 1450 1478 1452 1423
 1390 1410 1384 1374
  651  678  644  616
  913  881  920  952
 1759 1745 1718 1736
  187  167  183  207
  189  211  224  204
  355  388  402  370
  324  355  370  342
  824  789  776  804
  678  715  675  644
  715  750  716  675
  750  784  755  716
  784  816  788  755
  816  846  820  788
  846  874  852  820
  874  906  885  852
  906  939  918  885
  939  971  953  918
  971 1004  984  953
 1004 1034 1019  984
 1034 1071 1052 1019
 1071 1106 1082 1052
 1106 1137 1115 1082
 1137 1168 1146 1115
  206  187  207  212
  211  236  240  224
  236  268  261  240
  295  324  342  316
  268  295  316  294
 1745 1729 1701 1718
 1729 1709 1681 1701
 1680 1642 1631 1669
  225  206  212  231
  247  225  231  251
  269  247  251  275
  293  269  275  297
  322  293  297  326
  352  322  326  357
  387  352  357  390
  425  387  390  438
  463  425  438  480
  505  463  480  512
  545  505  512  550
  579  545  550  592
  600  579  592  634
 1709 1669 1649 1681
 1408 1381 1349 1375
 1435 1408 1375 1404
 1464 1435 1404 1431
 1497 1464 1431 1463
 1532 1497 1463 1498
 1312 1343 1309 1285
 1343 1374 1384 1358
 1322 1296 1316 1349
 1286 1312 1285 1265
 1269 1286 1265 1242
 1224 1242 1221 1195
 1271 1254 1227 1247
  824  804  825  854
 1296 1271 1288 1316
  634  592  604  660
  727  700  770  776
 1168 1195 1176 1146
 1598 1567 1599 1612
 1567 1532 1498 1536
 1642 1612 1599 1631
  920  881  854  889
  804  776  770  825
 1098 1076 1040 1067
  145  165  181  164
  433  450  416  402
 1428 1450 1423 1406
 1410 1428 1406 1384
 1343 1358 1329 1309
 1358 1384 1406 1378
  450  464  430  416
  464  483  451  430
  483  500  465  451
  500  522  489  465
  522  541  509  489
  541  566  532  509
  566  588  557  532
  588  616  583  557
  616  644  614  583
 1760 1749 1734 1739
 1749 1736 1707 1734
  370  402  416  384
 1736 1718 1694 1707
 1713 1739 1734 1707
 1040 1011  979 1007
  342  370  384  358
  316  342  358  335
  294  316  335  317
  261  268  294  288
  644  675  642  614
  675  716  677  642
  716  755  720  677
  755  788  761  720
  592  550  554  604
  700  634  660  717
  788  820  797  761
  165  184  200  181
  820  852  829  797
  852  885  857  829
  885  918  892  857
 1227 1197 1225 1247
  184  204  219  200
  204  224  241  219
  224  240  261  241
  183  164  181  198
  207  183  198  220
  212  207  233  231
  251  231  233  258
 1718 1701 1678 1694
  275  251  258  281
 1687 1713 1707 1667
 1668 1687 1667 1637
  550  512  526  554
 1375 1349 1316 1342
 1404 1375 1342 1366
  297  275  281  307
 1431 1404 1366 1399
 1463 1431 1399 1427
 1498 1463 1427 1462
 1197 1165 1191 1225
 1165 1134 1157 1191
 1134 1098 1124 1157
  326  297  307  337
  918  953  928  892
  357  326  337  366
  390  357  366  394
  438  390  394  424
  512  480  502  526
  480  438  470  502
  953  984  965  928
  984 1019  999  965
 1019 1052 1031  999
 1052 1082 1063 1031
 1082 1115 1099 1063
 1115 1146 1135 1099
 1701 1681 1659 1678
 1681 1649 1629 1659
 1649 1669 1631 1613
 1452 1484 1453 1422
 1423 1452 1422 1401
 1406 1423 1401 1378
 1484 1520 1490 1453
 1520 1556 1525 1490
 1556 1596 1562 1525
 1596 1637 1597 1562
 1285 1309 1282 1260
  952  920  954  979
 1195 1221 1199 1176
 1221 1242 1265 1239
 1265 1285 1260 1239
  470  438  424  445
 1358 1378 1350 1329
 1316 1288 1301 1342
 1288 1271 1247 1266
  233  207  220  244
  416  430  404  384
  430  451  419  404
  258  233  244  267
  451  465  437  419
 1124 1098 1067 1097
 1260 1282 1258 1237
 1309 1329 1306 1282
  465  489  457  437
  281  258  267  292
  307  281  292  318
  489  509  476  457
 1040 1007 1041 1067
 1597 1637 1667 1623
 1378 1401 1369 1350
 1401 1422 1394 1369
 1422 1453 1425 1394
 1135 1146 1176 1159
  509  532  498  476
  532  557  528  498
  557  583  549  528
  337  307  318  347
 1453 1490 1456 1425
  700  717  775  770
  366  337  347  378
  394  366  378  411
  424  394  411  445
 1247 1225 1257 1266
 1366 1342 1301 1327
 1536 1498 1462 1501
  583  614  581  549
 1631 1599 1574 1613
 1599 1567 1536 1574
 1649 1613 1591 1629
 1399 1366 1327 1359
  954  920  889  924
  358  384  404  376
 1427 1399 1359 1392
 1462 1427 1392 1424
  854  825  868  889
  198  181  200  215
 1490 1525 1491 1456
 1525 1562 1523 1491
  614  642  615  581
 1562 1597 1549 1523
 1225 1191 1223 1257
 1191 1157 1187 1223
 1157 1124 1154 1187
  642  677  648  615
  220  198  215  238
  335  358  376  349
 1707 1694 1672 1667
 1694 1678 1656 1672
  200  219  239  215
 1667 1672 1656 1623
  677  720  684  648
  720  761  725  684
  761  797  768  725
  797  829  801  768
  829  857  835  801
  857  892  870  835
  892  928  905  870
  928  965  944  905
  965  999  974  944
  999 1031 1015  974
 1031 1063 1051 1015
 1063 1099 1083 1051
 1099 1135 1116 1083
  317  335  349  321
  261  288  263  241
  219  241  263  239
  825  770  775  821
 1678 1659 1644 1656
 1659 1629 1610 1644
 1656 1644 1610 1623
  660  604  640  679
  717  660  679  733
  502  470  506  535
  526  502  535  554
  604  554  535  577
 1007  979  954  980
 1306 1329 1350 1323
 1282 1306 1287 1258
 1549 1597 1623 1570
 1239 1260 1237 1217
 1221 1239 1217 1199
 1176 1199 1181 1159
  404  419  389  376
  419  437  409  389
  825  821  863  868
 1116 1135 1159 1143
 1083 1116 1111 1074
 1051 1083 1074 1033
  775  717  733  782
 1067 1041 1078 1097
 1041 1007  980 1008
 1124 1097 1123 1154
 1301 1288 1266 1257
 1327 1301 1257 1290
 1359 1327 1290 1319
 1015 1051 1033 1000
 1392 1359 1319 1355
 1501 1462 1424 1457
 1536 1501 1541 1574
  349  376  389  364
  437  457  426  409
  506  470  445  471
  924  889  868  900
  821  775  782  823
 1257 1223 1253 1290
 1350 1369 1324 1323
 1369 1394 1361 1324
 1394 1425 1393 1361
 1425 1456 1426 1393
 1456 1491 1454 1426
  604  577  622  640
  577  535  506  551
  974 1015 1000  961
  238  215  239  259
 1491 1523 1480 1454
  321  349  364  338
  288  321  338  308
  220  238  262  244
  267  244  262  285
  292  267  285  309
  318  292  309  336
  347  318  336  363
  378  347  363  393
  411  378  393  435
  445  411  435  471
  944  974  961  923
  980  954  924  955
  905  944  923  887
  870  905  887  849
  457  476  448  426
  476  498  468  448
  498  528  495  468
  528  549  523  495
  549  581  547  523
  835  870  849  812
 1223 1187 1216 1253
  581  615  582  547
  615  648  617  582
  801  835  812  777
 1629 1591 1579 1610
  768  801  777  739
 1523 1549 1509 1480
  725  768  739  695
  648  684  654  617
  684  725  695  654
 1187 1154 1183 1216
  239  263  282  259
  263  288  308  282
 1591 1613 1574 1541
 1424 1392 1355 1389
 1623 1610 1572 1570
 1237 1258 1233 1213
  733  679  699  746
  679  640  666  699
  782  733  746  795
 1217 1237 1213 1196
 1199 1217 1196 1181
 1287 1306 1323 1324
 1159 1181 1167 1143
 1213 1233 1201 1184
 1424 1389 1416 1457
  389  409  381  364
 1116 1143 1141 1111
 1061 1078 1041 1046
 1097 1078 1104 1123
 1319 1290 1253 1283
 1591 1541 1540 1579
  409  426  400  381
  980  955  995 1008
  955  924  900  909
  900  868  863  909
 1233 1258 1287 1259
 1183 1154 1123 1151
 1355 1319 1283 1321
  821  823  859  863
  577  551  611  622
  640  622  663  666
 1501 1457 1486 1541
  238  259  279  262
  285  262  279  303
  309  285  303  327
  336  309  327  356
  363  336  356  383
  338  364  381  354
  308  338  354  325
 1253 1216 1250 1283
 1216 1183 1203 1250
 1389 1355 1321 1356
  393  363  383  413
  426  448  421  400
  551  506  471  507
 1549 1570 1524 1509
 1610 1579 1561 1572
 1570 1572 1533 1524
  448  468  443  421
  468  495  462  443
  495  523  491  462
  523  547  517  491
  547  582  546  517
  582  617  584  546
 1046 1041 1008 1030
  617  654  621  584
  654  695  659  621
  695  739  702  659
  739  777  745  702
  777  812  787  745
  812  849  826  787
  259  282  302  279
  282  308  325  302
  435  393  413  432
  849  887  860  826
  887  923  899  860
  923  961  941  899
  961 1000  978  941
 1000 1033 1023  978
 1033 1074 1059 1023
 1074 1111 1110 1059
  823  782  795  833
  471  435  472  507
 1324 1361 1325 1293
 1287 1324 1293 1259
 1361 1393 1363 1325
  746  699  704  762
  699  666  663  704
 1426 1454 1419 1398
 1454 1480 1443 1419
 1393 1426 1398 1363
 1480 1509 1467 1443
 1030 1008  995 1018
 1143 1167 1169 1141
 1213 1184 1169 1196
 1196 1169 1167 1181
 1046 1030 1053 1061
 1443 1467 1429 1412
 1419 1443 1412 1395
 1398 1419 1395 1372
  381  400  374  354
 1561 1579 1540 1538
 1111 1141 1148 1110
 1141 1169 1184 1148
 1467 1509 1524 1481
 1363 1398 1372 1333
 1250 1203 1211 1244
  400  421  392  374
  421  443  417  392
  443  462  441  417
 1416 1389 1356 1382
  462  491  460  441
  833  795  809  851
  746  762  809  795
  823  833  865  859
 1541 1486 1505 1540
 1184 1201 1166 1148
 1201 1233 1259 1228
  303  279  302  323
  327  303  323  351
  356  327  351  385
  383  356  385  415
 1104 1078 1061 1086
 1151 1123 1104 1130
 1259 1293 1263 1228
 1293 1325 1297 1263
 1325 1363 1333 1297
 1321 1283 1250 1294
 1203 1183 1151 1170
 1524 1533 1502 1481
 1572 1561 1538 1533
  863  859  895  909
  507  472  503  537
  507  537  576  551
  472  435  432  461
  551  576  624  611
  413  383  415  452
  491  517  487  460
 1457 1416 1442 1486
  517  546  513  487
  546  584  548  513
  584  621  587  548
  621  659  625  587
  659  702  668  625
  702  745  710  668
  745  787  758  710
  787  826  798  758
  826  860  837  798
  860  899  878  837
  325  354  374  348
  302  325  348  323
  899  941  921  878
  941  978  964  921
  978 1023 1005  964
 1023 1059 1055 1005
 1059 1110 1113 1055
  432  413  452  461
 1356 1321 1294 1331
  663  622  611  657
  995  955  969  989
  955  909  940  969
  704  663  657  701
 1533 1538 1514 1502
 1294 1250 1244 1280
  809  762  790  832
 1061 1053 1077 1086
 1244 1211 1206 1236
 1211 1203 1170 1188
 1151 1130 1150 1170
  611  624  665  657
  348  374  392  371
  392  417  398  371
  417  441  422  398
 1442 1416 1382 1407
  323  348  371  351
 1412 1429 1388 1380
 1395 1412 1380 1376
 1372 1395 1376 1347
 1429 1467 1481 1445
 1481 1502 1473 1445
 1505 1486 1442 1473
 1505 1514 1538 1540
  865  833  851  888
  859  865  894  895
  909  895  925  940
 1356 1331 1357 1382
 1110 1148 1166 1113
 1166 1201 1228 1194
  441  460  427  422
  351  371  398  385
  398  422  427  385
  762  704  701  740
  790  762  740  749
  537  503  530  565
  503  472  461  485
  624  576  602  641
  576  537  565  602
 1333 1372 1347 1310
 1055 1113 1081 1032
  851  809  832  873
 1297 1333 1310 1270
 1228 1263 1231 1194
 1263 1297 1270 1231
  460  487  453  427
 1104 1086 1109 1130
 1005 1055 1032  993
  964 1005  993  943
  921  964  943  896
  878  921  896  855
  837  878  855  810
  701  657  665  708
  487  513  482  453
  385  427  453  415
  415  453  482  452
  461  452  496  485
  513  548  520  482
  452  482  520  496
  548  587  555  520
  587  625  591  555
  625  668  630  591
  668  710  674  630
  710  758  723  674
  758  798  765  723
  798  837  810  765
 1331 1294 1280 1315
 1018  995  989 1002
 1030 1018 1035 1053
  989  969  983 1002
  969  940  963  983
  530  503  485  496
  496  520  555  530
  530  555  591  565
  565  591  630  602
  602  630  674  641
 1429 1445 1407 1388
 1018 1002 1026 1035
 1002  983 1003 1026
 1053 1035 1062 1077
 1315 1280 1267 1302
 1244 1236 1267 1280
 1086 1077 1088 1109
 1331 1315 1354 1357
 1206 1211 1188 1172
 1188 1170 1150 1172
 1130 1109 1125 1150
 1473 1442 1407 1445
 1382 1357 1354 1407
 1388 1407 1354 1346
 1376 1380 1341 1347
 1310 1347 1341 1289
 1166 1194 1161 1113
  851  873  922  888
  925  895  894  917
  963  940  925  942
  983  963  976 1003
  894  865  888  912
  701  708  749  740
  708  665  685  721
  624  641  685  665
  749  765  810  790
  790  810  855  832
  832  855  896  873
  873  896  943  922
 1270 1310 1289 1246
 1194 1231 1200 1161
 1231 1270 1246 1200
 1081 1113 1161 1128
  943  993  972  922
  993 1032 1014  972
 1032 1081 1056 1014
  674  723  685  641
  685  723  765  721
 1236 1206 1202 1229
  912  888  922  935
  894  912  927  917
 1267 1236 1229 1252
  925  917  927  942
 1109 1088 1093 1125
  963  942  956  976
 1088 1077 1062 1093
 1206 1172 1155 1202
 1172 1150 1125 1155
 1380 1388 1346 1341
 1354 1315 1302 1346
 1302 1267 1252 1289
 1302 1289 1341 1346
 1161 1200 1175 1128
 1229 1202 1219 1252
  749  708  721  765
 1200 1246 1219 1175
 1219 1202 1155 1175
 1219 1246 1289 1252
  922  972  968  935
  972 1014  998  968
 1056 1081 1128 1095
 1128 1175 1155 1095
 1155 1125 1093 1095
 1035 1026 1054 1062
 1026 1003 1028 1054
 1003  976  998 1028
  998  976  956  968
  998 1014 1056 1028
 1028 1056 1095 1054
 1062 1054 1095 1093
  956  942  927  937
  968  956  937  935
  927  912  935  937
  288  294  317  321
 1514 1505 1473 1502
