        0.00000        0.00000
        0.25000        0.00000
        0.00000        0.30000
        0.50000        0.00000
        0.34808        0.36323
        0.00000        0.60000
        0.62500        0.25963
        0.75000        0.00000
        0.30860        0.70385
        0.00000        0.90000
        0.87500        0.25963
        0.75000        0.63301
        1.00000        0.00000
        0.44493        1.02302
        1.11693        0.37736
        0.00000        1.20000
        1.25000        0.00000
        0.31156        1.35000
        1.37500        0.25963
        1.04717        0.95382
        1.50000        0.00000
        0.00000        1.50000
        0.67289        1.47194
        1.61756        0.22203
        0.31156        1.65000
        1.58781        0.59086
        1.75000        0.00000
        0.00000        1.80000
        1.50306        1.07341
        1.87500        0.25963
        1.25454        1.50715
        0.44560        1.94877
        2.00000        0.00000
        0.00000        2.10000
        2.13231        0.22354
        1.00691        1.94141
        2.16156        0.59843
        2.25000        0.00000
        2.00242        1.07176
        0.31156        2.25000
        1.75414        1.50568
        2.37500        0.25963
        0.00000        2.40000
        1.50680        1.93840
        2.50000        0.00000
        0.74457        2.40000
        0.31156        2.55000
        2.62500        0.25963
        1.25946        2.38597
        0.00000        2.70000
        2.25384        1.50387
        2.50350        1.07233
        2.75000        0.00000
        2.00646        1.93700
        2.74784        0.54388
        2.85000        0.23046
        0.27354        2.88000
        1.75886        2.36982
        3.00000        0.00000
        0.00000        3.00000
        0.74457        3.00000
        3.12500        0.25963
        2.75353        1.50520
        2.50163        1.93676
        0.31156        3.15000
        3.00339        1.07259
        1.52415        2.80976
        3.25000        0.00000
        2.25338        2.37020
        0.00000        3.30000
        3.37500        0.25963
        3.33930        0.59830
        2.02233        2.78831
        1.27136        3.23316
        0.27354        3.48000
        3.50000        0.00000
        2.99696        1.93421
        3.25186        1.50601
        0.00000        3.60000
        2.75137        2.36934
        3.62500        0.25963
        3.49671        1.07056
        1.76419        3.21606
        0.74457        3.60000
        3.75000        0.00000
        2.50915        2.79749
        0.31156        3.75000
        3.89211        0.21644
        0.00000        3.90000
        2.26251        3.22640
        1.50960        3.64593
        3.50000        1.93205
        4.00000        0.00000
        3.25000        2.36506
        3.98557        0.59210
        3.75010        1.50109
        0.26593        4.07400
        4.10000        0.23046
        3.00843        2.79663
        3.99658        1.06619
        2.00919        3.65012
        0.00000        4.20000
        2.76171        3.22818
        4.25000        0.00000
        0.74457        4.20000
        1.25663        4.08182
        0.27354        4.32000
        4.37500        0.25963
        3.75000        2.36506
        2.51296        3.65822
        4.00000        1.93205
        1.75653        4.08113
        3.50000        2.79807
        4.50000        0.00000
        0.00000        4.50000
        4.25000        1.49904
        3.25000        3.23109
        4.56250        0.51849
        4.50000        1.06602
        1.00753        4.51549
        4.62500        0.25963
        0.31156        4.65000
        2.25493        4.08510
        3.00000        3.66410
        4.75000        0.00000
        1.50748        4.51423
        0.00000        4.80000
        0.74457        4.80000
        4.25000        2.36506
        4.00000        2.79807
        4.87500        0.25963
        4.50000        1.93205
        2.75000        4.09711
        2.00708        4.51198
        3.75000        3.23109
        0.31156        4.95000
        4.75000        1.49904
        5.00000        0.00000
        5.00000        0.63301
        3.50000        3.66410
        0.00000        5.10000
        1.25874        4.94774
        5.00000        1.06602
        5.12500        0.25963
        2.50669        4.51155
        3.25000        4.09711
        1.75855        4.94573
        5.25000        0.00000
        4.50000        2.79807
        4.75000        2.36506
        4.25000        3.23109
        5.00000        1.93205
        0.50000        5.36699
        5.39500        0.22462
        0.00000        5.40000
        4.00000        3.66410
        3.00000        4.53012
        2.25844        4.94375
        5.25000        1.49904
        5.50000        0.00000
        1.03479        5.43405
        5.50000        0.63301
        3.75000        4.09711
        5.50000        1.06602
        5.60000        0.23046
        1.75000        5.36699
        2.75682        4.93715
        0.00000        5.70000
        3.50000        4.53012
        5.00000        2.79807
        4.75000        3.23109
        5.75000        0.00000
        0.37500        5.74037
        5.25000        2.36506
        0.62500        5.74037
        4.50000        3.66410
        5.50000        1.93205
        0.90000        5.76954
        1.12500        5.74037
        5.87500        0.25963
        1.37500        5.74037
        4.25000        4.09711
        3.25000        4.96314
        5.75000        1.49904
        2.48022        5.45685
        0.00000        6.00000
        6.00000        0.00000
        1.65000        5.76954
        0.25000        6.00000
        0.50000        6.00000
        1.87500        5.74037
        4.00000        4.53012
        0.75000        6.00000
        1.00000        6.00000
        2.12917        5.70732
        6.00000        1.06602
        1.25000        6.00000
        6.12500        0.25963
        5.25000        3.23109
        5.50000        2.79807
        1.50000        6.00000
        6.16071        0.59671
        5.00000        3.66410
        5.75000        2.36506
        3.75000        4.96314
        3.06730        5.41428
        2.40000        5.76954
        6.25000        0.00000
        1.75000        6.00000
        4.75000        4.09711
        6.00000        1.93205
        2.00000        6.00000
        2.60500        5.77538
        6.37500        0.25963
        4.50000        4.53012
        2.25000        6.00000
        2.87500        5.74037
        6.25000        1.49904
        3.58929        5.41162
        6.50000        0.00000
        2.50000        6.00000
        4.25000        4.96314
        3.11346        5.77900
        6.50000        1.06602
        5.75000        3.23109
        2.75000        6.00000
        5.50000        3.66410
        6.00000        2.79807
        6.64500        0.22462
        3.37500        5.74037
        3.00000        6.00000
        6.75000        0.00000
        5.26934        4.25514
        4.08418        5.42437
        6.76815        0.55944
        6.29003        2.56065
        3.61786        5.77847
        3.25000        6.00000
        6.85000        0.23046
        4.75000        4.96314
        6.75000        1.49904
        3.87500        5.74037
        3.50000        6.00000
        6.12510        3.34632
        5.81343        3.88614
        7.00000        0.00000
        6.76333        1.99713
        4.12500        5.74037
        3.75000        6.00000
        5.27547        4.75503
        4.62500        5.41162
        7.12500        0.25963
        4.00000        6.00000
        4.37500        5.74037
        6.78180        2.49668
        6.60260        2.94565
        7.25000        0.00000
        7.14414        1.24006
        5.70519        4.50000
        4.25000        6.00000
        6.30246        3.80860
        7.34533        0.59838
        4.62500        5.74037
        7.37500        0.25963
        7.18485        1.73143
        6.61115        3.44071
        6.13821        4.25988
        7.50000        0.00000
        4.50000        6.00000
        5.25000        5.36699
        4.87500        5.74037
        7.20499        2.23060
        5.71171        4.99875
        7.62500        0.25963
        4.75000        6.00000
        7.59658        1.02746
        7.18834        2.73246
        7.55468        1.52530
        7.02705        3.20059
        5.15000        5.76954
        7.75000        0.00000
        6.72697        3.85135
        6.13821        4.74012
        6.55174        4.15486
        5.00000        6.00000
        7.80159        0.50924
        7.86032        0.20570
        5.35500        5.77538
        6.99544        3.62608
        7.62169        2.05393
        6.49088        4.50000
        5.25000        6.00000
        5.80612        5.49230
        6.85048        4.12500
        8.00000        0.00000
        5.62500        5.74037
        7.01791        3.92547
        6.76139        4.36976
        8.00600        1.31379
        7.32477        3.50621
        7.50000        3.11720
        8.12500        0.25963
        5.50000        6.00000
        6.55174        4.84514
        7.96662        1.80589
        7.24348        3.79523
        6.76139        4.63024
        5.87500        5.74037
        6.25000        5.36699
        8.25000        0.00000
        8.25000        0.63301
        7.81166        2.73246
        5.75000        6.00000
        8.00736        2.29787
        8.37500        0.25963
        7.50000        3.75000
        6.12500        5.74037
        6.85048        4.87500
        7.67523        3.50621
        6.72697        5.14865
        6.00000        6.00000
        8.50000        0.00000
        8.46431        1.11789
        8.39937        1.61207
        6.37500        5.74037
        7.97295        3.20059
        8.39990        1.99851
        7.75652        3.79523
        8.64500        0.22462
        7.01791        5.07453
        6.25000        6.00000
        6.63892        5.62433
        8.33859        2.49463
        8.75000        0.00000
        8.75000        0.63301
        8.00456        3.62608
        6.50000        6.00000
        8.85000        0.23046
        6.99315        5.43240
        8.79741        1.30989
        7.98209        3.92547
        8.39740        2.94565
        7.24348        5.20477
        6.87500        5.74037
        9.00000        0.00000
        6.75000        6.00000
        8.86042        1.80488
        8.38885        3.44071
        8.79875        2.29933
        8.27303        3.85135
        9.12500        0.25963
        8.14952        4.12500
        7.12500        5.74037
        7.50000        5.25000
        7.32477        5.49379
        8.73785        2.79558
        7.00000        6.00000
        9.25000        0.00000
        9.19963        1.01982
        8.23861        4.36976
        7.75652        5.20477
        7.37500        5.74037
        9.40000        0.23046
        7.25000        6.00000
        8.44826        4.15486
        7.68118        5.47635
        9.31117        1.59780
        8.23861        4.63024
        7.98209        5.07453
        8.87490        3.34632
        9.25543        2.10000
        8.69754        3.80860
        8.14952        4.87500
        9.50000        0.00000
        9.50000        0.63301
        7.62500        5.74037
        7.50000        6.00000
        8.50912        4.50000
        9.62500        0.25963
        9.30182        2.59213
        8.00578        5.42882
        8.44826        4.84514
        7.87500        5.74037
        9.68844        1.05000
        9.75000        0.00000
        8.27280        5.16902
        9.68844        1.35000
        7.75000        6.00000
        9.68844        1.65000
        8.86179        4.25988
        9.31933        3.15486
        9.68844        1.95000
        9.68844        2.25000
        8.12500        5.74037
       10.00000        0.00000
        8.00000        6.00000
       10.00000        0.30000
       10.00000        0.60000
        9.68844        2.55000
       10.00000        0.90000
        9.25543        3.90000
        8.86179        4.74012
        8.35359        5.59924
       10.00000        1.20000
        9.68844        2.85000
       10.00000        1.50000
        8.69754        5.19140
       10.00000        1.80000
        9.68844        3.15000
        8.25000        6.00000
       10.00000        2.10000
       10.00000        2.40000
        9.68844        3.45000
        9.32057        4.41860
       10.00000        2.70000
        8.62500        5.74037
        8.50000        6.00000
        9.72646        3.78000
       10.00000        3.00000
        9.19963        4.98018
        9.68844        4.05000
       10.00000        3.30000
        9.00786        5.46481
        8.90000        5.76954
        8.75000        6.00000
        9.68844        4.35000
       10.00000        3.60000
       10.00000        3.90000
        9.68844        4.65000
        9.12500        5.74037
        9.00000        6.00000
       10.00000        4.20000
        9.68844        4.95000
        9.50000        5.36699
       10.00000        4.50000
        9.25000        6.00000
        9.40000        5.76954
       10.00000        4.80000
       10.00000        5.10000
        9.50000        6.00000
        9.69167        5.70609
       10.00000        5.40000
        9.75000        6.00000
       10.00000        5.70000
       10.00000        6.00000
